2450465.77691 17.901 0.017 11  0 B
2450465.83598 17.950 0.015 11 40 A
2450466.68753 17.912 0.015 11  0 B
2450467.79540 17.940 0.015 11  0 A
2450468.70180 17.899 0.013 11  0 A
2450469.70183 17.896 0.015 11  0 A
2450470.71268 17.881 0.019 11  0 C
2450471.82163 17.870 0.022 11  0 D
2450472.74652 17.870 0.018 11  0 A
2450473.65832 17.885 0.022 11  0 C
2450474.73876 17.891 0.017 11  0 B
2450475.63153 17.869 0.019 11  0 C
2450475.69763 17.895 0.023 11  0 D
2450476.78378 17.950 0.020 11  0 C
2450477.76843 17.900 0.015 11  0 A
2450478.57569 17.887 0.014 11  0 A
2450479.77413 17.944 0.017 11  0 B
2450480.61078 17.894 0.014 11  0 C
2450481.59588 17.864 0.015 11  0 B
2450482.75688 17.922 0.014 11  0 B
2450483.54461 17.886 0.017 11  0 C
2450484.54250 17.897 0.021 11  0 C
2450485.54704 17.924 0.014 11  0 B
2450486.53859 17.898 0.014 11  0 B
2450487.56627 17.858 0.014 11  0 D
2450488.53087 17.899 0.016 11  0 D
2450488.66922 17.883 0.013 11  0 B
2450489.60099 17.884 0.013 11  0 C
2450489.62117 17.903 0.013 11  0 B
2450490.59163 17.884 0.011 11  0 A
2450491.54978 17.904 0.014 11  0 B
2450492.53406 17.903 0.016 11  0 B
2450492.60843 17.906 0.019 11  0 E
2450493.53712 17.943 0.013 11 40 A
2450494.53194 17.862 0.013 11  0 B
2450495.53427 17.923 0.019 11  0 C
2450496.52976 17.904 0.017 11  0 B
2450496.74588 17.899 0.027 11  0 E
2450498.52854 17.911 0.017 11  0 B
2450499.52403 17.915 0.016 11  0 B
2450500.51522 17.886 0.019 11  0 B
2450501.51578 17.858 0.020 11  0 C
2450507.63333 17.907 0.022 11  0 E
2450508.51949 17.973 0.029 11  0 F
2450508.58622 17.858 0.021 11  0 E
2450510.52415 17.917 0.019 11  0 D
2450511.63374 17.952 0.020 11  0 E
2450512.67111 17.864 0.018 11  0 C
2450513.66302 17.930 0.015 11  0 A
2450514.53614 17.858 0.019 11  0 E
2450515.52781 17.918 0.017 11  0 C
2450516.53134 17.883 0.021 11  0 D
2450518.57161 17.915 0.014 11  0 B
2450518.73448 17.862 0.021 11  0 C
2450519.52223 17.919 0.015 11  0 D
2450520.68903 17.894 0.016 11  0 C
2450521.52310 17.900 0.020 11  0 E
2450524.51395 17.858 0.020 11  0 D
2450526.51735 17.901 0.019 11  0 D
2450527.51471 17.951 0.017 11 40 C
2450528.57412 17.914 0.022 11  0 E
2450531.52964 17.868 0.020 11  0 C
2450532.51505 17.934 0.021 11  0 D
2450533.51857 17.829 0.018 11  0 D
2450534.52586 17.884 0.019 11  0 E
2450535.64037 17.877 0.024 11  0 E
2450552.62374 17.897 0.018 11  0 B
2450553.47945 17.896 0.025 11  0 C
2450554.53823 17.906 0.025 11  0 B
2450561.53867 17.892 0.025 11  0 B
2450566.47429 17.894 0.021 11  0 A
2450567.47505 17.890 0.020 11 40 A
2450569.46952 17.877 0.029 11  0 D
2450571.52302 17.909 0.021 11  0 B
2450572.47923 17.861 0.024 11  0 D
2450573.48681 17.910 0.031 11  0 E
2450574.51559 17.894 0.019 11  0 A
2450673.84125 17.916 0.015 11  0 B
2450699.81455 17.918 0.022 11  0 D
2450701.85941 17.886 0.021 11  0 C
2450704.80331 17.899 0.020 11  0 D
2450706.80725 17.820 0.031 11  0 D
2450712.87903 17.881 0.019 11  0 A
2450715.84439 17.898 0.019 11  0 B
2450726.86442 17.887 0.017 11  0 A
2450728.82857 17.884 0.017 11  0 A
2450729.81090 17.896 0.020 11  0 C
2450733.86320 17.867 0.025 11  0 D
2450742.80370 17.899 0.022 11  0 B
2450745.73518 17.872 0.017 11  0 B
2450747.79197 17.896 0.016 11  0 A
2450748.74674 17.918 0.020 11  0 D
2450750.83957 17.908 0.022 11  0 C
2450751.73216 17.824 0.023 11  0 C
2450755.69063 17.866 0.024 11  0 D
2450759.75991 17.858 0.018 11  0 C
2450760.81206 17.888 0.018 11  0 B
2450763.80804 17.901 0.025 11  0 C
2450769.84445 17.964 0.023 11  0 A
2450773.83302 17.862 0.021 11  0 B
2450778.78597 17.851 0.026 11  0 D
2450780.81679 17.891 0.019 11  0 B
2450782.82152 17.926 0.021 11  0 B
2450787.82454 17.901 0.019 11  0 A
2450792.75851 17.904 0.025 11  0 C
2450796.77440 17.893 0.021 11  0 A
2450798.79159 17.927 0.021 11  0 A
2450816.80010 17.917 0.020 11  0 B
2450817.78954 17.893 0.020 11  0 B
2450822.74762 17.899 0.017 11  0 A
2450826.61586 17.895 0.021 11  0 A
2450827.72657 17.902 0.019 11  0 A
2450830.80677 17.892 0.024 11  0 C
2450831.65201 17.892 0.022 11  0 D
2450832.78296 17.878 0.020 11  0 A
2450833.68442 17.889 0.016 11  0 A
2450834.77544 17.869 0.028 11  0 C
2450837.78138 17.916 0.016 11  0 A
2450839.60709 17.896 0.018 11  0 C
2450841.79043 17.908 0.024 11  0 C
2450843.71344 17.915 0.017 11  0 D
2450844.66259 17.881 0.021 11  0 C
2450850.68340 17.919 0.024 11  0 C
2450854.70542 17.852 0.024 11  0 B
2450855.75188 17.889 0.029 11  0 B
2450856.70465 17.890 0.026 11  0 C
2450858.63978 17.900 0.028 11  0 E
2450860.73099 17.917 0.027 11  0 C
2450864.72594 17.880 0.030 11  0 F
2450874.73898 17.999 0.021 11  0 C
2450876.65530 17.898 0.019 11  0 B
2450879.61513 17.871 0.021 11  0 C
2450881.54711 17.901 0.023 11  0 C
2450887.62931 17.907 0.028 11  0 C
2450892.59425 17.938 0.022 11  0 C
2450895.57499 17.924 0.025 11  0 C
2450900.54392 17.901 0.024 11  0 C
2450918.57987 17.912 0.034 11  0 E
2450920.54506 17.919 0.026 11  0 D
2450925.49727 17.965 0.033 11  0 E
2450933.51140 17.928 0.029 11  0 C
2450951.52441 17.859 0.017 11  0 A
2451040.91778 17.912 0.022 11  0 B
2451051.91363 17.897 0.020 11  0 C
2451065.87416 17.900 0.022 11  0 D
2451068.83622 17.890 0.022 11  0 C
2451069.82670 17.893 0.016 11  0 B
2451071.84382 17.894 0.022 11  0 E
2451079.79102 17.866 0.017 11  0 C
2451083.80472 17.869 0.021 11  0 D
2451088.86941 17.906 0.022 11  0 C
2451093.86607 17.911 0.018 11  0 A
2451102.84409 17.924 0.014 11 40 A
2451107.82696 17.898 0.019 11  0 B
2451113.84075 17.856 0.017 11  0 D
2451119.77357 17.882 0.020 11  0 B
2451126.74503 17.885 0.021 11  0 C
2451130.71112 17.890 0.021 11  0 C
2451132.71967 17.885 0.017 11  0 A
2451136.83892 17.939 0.019 11 40 A
2451142.73092 17.886 0.015 11  0 A
2451151.82602 17.888 0.019 11  0 A
2451154.83458 17.868 0.021 11  0 B
2451157.78616 17.887 0.025 11  0 B
2451161.78414 17.859 0.014 11  0 A
2451163.75568 17.914 0.022 11  0 E
2451166.79216 17.881 0.026 11  0 C
2451170.84011 17.941 0.019 11  0 A
2451174.82276 17.933 0.017 11  0 B
2451178.73978 17.919 0.021 11  0 C
2451181.70635 17.882 0.022 11  0 A
2451185.78892 17.854 0.017 11  0 A
2451187.74086 17.915 0.021 11  0 B
2451189.80533 17.902 0.018 11  0 B
2451192.72490 17.890 0.015 11  0 B
2451202.66281 17.893 0.021 11  0 A
2451204.76819 17.873 0.020 11  0 B
2451207.66161 17.885 0.021 11  0 B
2451211.74204 17.888 0.024 11  0 B
2451214.75851 17.898 0.022 11  0 B
2451217.71970 17.863 0.018 11  0 A
2451219.70435 17.863 0.021 11  0 B
2451223.61184 17.848 0.019 11  0 C
2451226.70677 17.882 0.020 11  0 C
2451230.65514 17.908 0.020 11  0 B
2451234.58157 17.912 0.022 11  0 C
2451238.58514 17.920 0.026 11  0 C
2451239.71778 17.913 0.028 11  0 B
2451241.69440 17.905 0.024 11  0 A
2451243.55226 17.918 0.023 11  0 D
2451245.52086 17.856 0.026 11  0 E
2451248.52924 17.927 0.027 11  0 C
2451253.60003 17.885 0.023 11  0 D
2451256.57933 17.872 0.022 11  0 B
2451261.57538 17.884 0.020 11  0 A
2451265.59305 17.901 0.021 11  0 B
2451268.57796 17.936 0.030 11  0 B
2451276.53142 17.903 0.023 11  0 B
2451279.52591 17.890 0.024 11  0 B
2451288.55947 17.888 0.024 11  0 A
2451291.59050 17.916 0.020 11  0 A
2451296.56389 17.893 0.025 11  0 A
2451300.51027 17.943 0.031 11  0 B
2451305.48468 17.886 0.024 11  0 B
2451308.51944 17.908 0.022 11  0 B
2451313.49501 17.906 0.027 11  0 B
2451317.52260 17.888 0.023 11  0 C
2451320.46930 17.928 0.028 11  0 B
2451330.48730 17.854 0.030 11  0 B
2451397.91603 17.912 0.024 11  0 C
2451412.89366 17.898 0.022 11  0 C
2451431.80859 17.937 0.018 11  0 B
2451432.89394 17.941 0.025 11  0 C
2451435.85393 17.921 0.023 11  0 D
2451437.84675 17.895 0.019 11  0 C
2451440.88541 17.926 0.025 11  0 C
2451443.88332 17.917 0.023 11  0 D
2451447.80641 17.896 0.028 11  0 D
2451449.84813 17.907 0.025 11  0 E
2451454.76231 17.887 0.023 11  0 F
2451455.88597 17.960 0.031 11  0 D
2451458.79992 17.953 0.023 11  0 C
2451459.86730 17.891 0.020 11  0 C
2451462.73850 17.898 0.021 11  0 C
2451470.81949 17.871 0.017 11  0 A
2451475.81824 17.884 0.023 11  0 A
2451477.70510 17.885 0.023 11  0 B
2451479.74527 17.930 0.021 11  0 B
2451484.76072 17.927 0.021 11  0 B
2451487.80232 17.920 0.022 11  0 B
2451491.72551 17.908 0.023 11  0 C
2451493.82607 17.880 0.021 11  0 A
2451496.61187 17.879 0.023 11  0 C
2451498.75441 17.962 0.021 11 40 B
2451501.83848 17.876 0.019 11  0 C
2451503.73324 17.895 0.022 11  0 B
2451505.83986 17.891 0.023 11  0 A
2451507.78698 17.910 0.028 11  0 B
2451511.65970 17.924 0.019 11  0 A
2451514.70674 17.916 0.025 11  0 E
2451517.69627 17.886 0.017 11  0 A
2451519.69865 17.898 0.020 11  0 A
2451521.72133 17.912 0.017 11  0 A
2451522.69891 17.862 0.024 11  0 D
2451523.75538 17.953 0.031 11  0 C
2451525.73200 17.905 0.018 11  0 A
2451527.81918 17.911 0.027 11  0 E
2451528.72163 17.906 0.017 11  0 A
2451531.73925 17.926 0.025 11  0 C
2451538.69596 17.912 0.019 11  0 A
2451541.65203 17.879 0.015 11  0 A
2451542.75195 17.894 0.019 11  0 A
2451544.70875 17.904 0.018 11  0 B
2451547.73482 17.900 0.016 11  0 A
2451548.71219 17.946 0.017 11 40 B
2451549.77755 17.924 0.018 11  0 A
2451551.74142 17.895 0.016 11  0 A
2451552.67469 17.909 0.019 11  0 A
2451554.76764 17.914 0.016 11  0 A
2451555.70446 17.946 0.020 11  0 A
2451556.67511 17.920 0.019 11  0 A
2451562.70749 17.886 0.020 11  0 A
2451564.58612 17.905 0.029 11  0 C
2451564.68216 17.946 0.026 11  0 E
2451567.63958 17.906 0.019 11  0 A
2451570.73702 17.898 0.018 11  0 A
2451574.73268 17.933 0.017 11  0 A
2451576.63239 17.889 0.021 11  0 B
2451578.73400 17.920 0.027 11  0 C
2451581.64787 17.900 0.019 11  0 B
2451584.62637 17.915 0.023 11  0 B
2451587.61423 17.919 0.020 11  0 B
2451590.62128 17.892 0.020 11  0 A
2451595.69395 17.881 0.026 11  0 B
2451599.70529 17.940 0.026 11  0 C
2451600.67981 17.896 0.030 11  0 E
2451604.53049 17.904 0.023 11  0 C
2451606.54423 17.843 0.020 11  0 B
2451609.56348 17.897 0.023 11  0 B
2451610.60774 17.923 0.023 11  0 C
2451611.63918 17.880 0.021 11  0 D
2451612.53353 17.912 0.019 11  0 B
2451613.62494 17.877 0.026 11  0 D
2451614.52578 17.917 0.019 11  0 B
2451615.53068 17.861 0.020 11  0 A
2451616.54507 17.917 0.020 11  0 A
2451617.53004 17.929 0.020 11  0 A
2451618.53672 17.863 0.024 11  0 A
2451619.58581 17.933 0.025 11  0 A
2451620.60687 17.922 0.027 11  0 C
2451621.52501 17.908 0.027 11  0 B
2451622.59241 17.949 0.024 11 40 A
2451623.54732 17.943 0.025 11  0 B
2451624.55499 17.929 0.027 11  0 B
2451625.56694 17.885 0.031 11  0 E
2451626.65943 17.918 0.020 11  0 A
2451627.57457 17.875 0.028 11  0 C
2451628.51350 17.892 0.025 11  0 C
2451630.54040 17.926 0.030 11  0 D
2451631.53808 17.936 0.021 11  0 A
2451632.61624 17.913 0.020 11  0 B
2451633.52889 17.916 0.021 11  0 A
2451634.56853 17.871 0.019 11  0 B
2451635.53677 17.878 0.021 11  0 B
2451653.59409 17.902 0.027 11  0 D
2451656.57468 17.880 0.025 11  0 B
2451658.55215 17.909 0.024 11  0 C
2451661.48248 17.876 0.022 11  0 B
2451663.50763 17.918 0.024 11  0 A
2451665.52382 17.858 0.028 11  0 C
2451671.51970 17.870 0.028 11  0 C
2451694.51578 17.989 0.034 11  0 B
2451766.90877 17.870 0.027 11  0 D
2451768.89615 17.933 0.024 11  0 C
2451782.88340 17.877 0.020 11  0 B
2451789.82932 17.922 0.015 11  0 A
2451804.77870 17.879 0.020 11  0 B
2451809.84067 17.871 0.015 11  0 A
2451812.86346 17.881 0.017 11  0 A
2451814.87862 17.914 0.018 11  0 A
2451817.88053 17.908 0.016 11  0 A
2451822.82435 17.909 0.019 11  0 D
2451828.88856 17.924 0.028 11  0 B
2451829.86012 17.871 0.022 11  0 A
2451843.83996 17.909 0.021 11  0 B
2451850.81976 17.901 0.022 11  0 C
2451855.82246 17.933 0.018 11  0 B
2451860.79568 17.934 0.024 11  0 B
2451863.76923 17.910 0.022 11  0 B
2451865.82407 17.899 0.017 11  0 B
2451867.79280 17.900 0.019 11  0 A
2451869.76626 17.940 0.020 11  0 B
2451872.76491 17.895 0.020 11  0 B
