2450465.77691 20.900 0.238 11  0 B
2450465.83598 20.431 0.133 11  0 A
2450466.68753 20.401 0.120 11  0 B
2450468.70180 20.556 0.127 11  0 A
2450469.70183 20.605 0.157 11  0 A
2450470.71268 20.739 0.243 11  0 C
2450472.74652 20.493 0.182 11  0 A
2450473.65832 20.218 0.173 11  0 C
2450475.63153 20.533 0.198 11  0 C
2450475.69763 20.311 0.202 11  0 D
2450477.76843 20.559 0.281 11  0 A
2450478.57569 20.276 0.104 11  0 A
2450479.77413 20.814 0.390 11  0 B
2450480.61078 20.516 0.137 11  0 C
2450481.59588 20.443 0.135 11  0 B
2450482.75688 20.533 0.128 11  0 B
2450483.54461 20.411 0.156 11  0 C
2450484.54250 20.344 0.189 11  0 C
2450485.54704 20.248 0.099 11  0 B
2450486.53859 20.915 0.194 11  0 B
2450487.56627 20.777 0.180 11  0 D
2450488.53087 20.446 0.148 11  0 D
2450488.66922 20.607 0.134 11  0 B
2450489.60099 20.717 0.139 11  0 C
2450489.62117 20.572 0.126 11  0 B
2450490.59163 20.365 0.087 11  0 A
2450491.54978 20.370 0.109 11  0 B
2450492.53406 20.631 0.177 11  0 B
2450492.60843 20.200 0.144 11  0 E
2450493.53712 20.319 0.099 11  0 A
2450494.53194 20.593 0.140 11  0 B
2450495.53427 20.370 0.166 11  0 C
2450496.52976 20.430 0.156 11  0 B
2450496.74588 20.239 0.226 11  0 E
2450498.52854 20.258 0.131 11  0 B
2450499.52403 20.412 0.142 11  0 B
2450500.51522 20.226 0.154 11  0 B
2450501.51578 20.942 0.314 11  0 C
2450507.63333 20.487 0.220 11  0 E
2450508.51949 21.183 0.543 11  0 F
2450508.58622 20.592 0.237 11  0 E
2450511.63374 20.751 0.250 11  0 E
2450512.67111 20.321 0.155 11  0 C
2450513.66302 20.445 0.136 11  0 A
2450514.53614 20.233 0.159 11  0 E
2450515.52781 20.686 0.191 11  0 C
2450516.53134 20.947 0.331 11  0 D
2450517.53282 20.484 0.185 11  0 C
2450518.57161 20.323 0.105 11  0 B
2450518.73448 20.601 0.248 11  0 C
2450519.52223 20.711 0.162 11  0 D
2450520.68903 20.566 0.168 11  0 C
2450521.52310 20.884 0.284 11  0 E
2450523.53493 20.229 0.101 11  0 D
2450524.51395 20.279 0.171 11  0 D
2450526.51735 20.458 0.178 11  0 D
2450526.61847 20.406 0.187 11  0 E
2450527.51471 20.484 0.154 11  0 C
2450528.57412 20.538 0.224 11  0 E
2450530.60273 20.413 0.235 11  0 E
2450531.52964 20.643 0.241 11  0 C
2450533.51857 20.452 0.184 11  0 D
2450534.52586 20.593 0.213 11  0 E
2450535.64037 20.394 0.227 11  0 E
2450536.67560 21.439 0.505 11 40 D
2450552.62374 20.665 0.207 11  0 B
2450554.53823 20.688 0.293 11  0 B
2450561.53867 20.099 0.173 11  0 B
2450566.47429 20.289 0.166 11  0 A
2450567.47505 20.328 0.164 11  0 A
2450569.46952 20.048 0.198 11  0 D
2450572.47923 20.652 0.282 11  0 D
2450574.51559 20.573 0.188 11  0 A
2450699.81455 20.595 0.224 11  0 D
2450701.85941 20.964 0.324 11  0 C
2450704.80331 21.491 0.477 11  0 D
2450712.87903 20.433 0.174 11  0 A
2450726.86442 20.895 0.213 11 40 A
2450729.81090 20.632 0.217 11  0 C
2450733.86320 20.267 0.204 11  0 D
2450742.80370 20.733 0.268 11  0 B
2450745.73518 20.756 0.210 11  0 B
2450747.79197 20.519 0.149 11  0 A
2450750.83957 20.358 0.184 11  0 C
2450751.73216 21.711 0.750 11  0 C
2450755.69063 20.473 0.246 11  0 D
2450759.75991 20.669 0.197 11  0 C
2450760.81206 20.453 0.167 11  0 B
2450763.80804 21.060 0.415 11  0 C
2450769.84445 20.480 0.210 11  0 A
2450773.83302 20.736 0.260 11  0 B
2450778.78597 20.389 0.248 11  0 D
2450780.81679 20.329 0.158 11  0 B
2450782.82152 20.546 0.203 11  0 B
2450787.82454 20.486 0.177 11  0 A
2450792.75851 20.637 0.289 11  0 C
2450796.77440 20.628 0.230 11  0 A
2450798.79159 20.309 0.168 11  0 A
2450816.80010 20.636 0.208 11  0 B
2450817.78954 20.716 0.230 11  0 B
2450822.74762 20.787 0.198 11  0 A
2450826.61586 21.229 0.399 11  0 A
2450827.72657 20.712 0.214 11  0 A
2450830.80677 20.092 0.164 11  0 C
2450831.65201 20.421 0.198 11  0 D
2450832.78296 20.568 0.216 11  0 A
2450833.68442 20.887 0.202 11  0 A
2450834.77544 20.832 0.410 11  0 C
2450837.78138 20.471 0.134 11  0 A
2450839.60709 20.822 0.222 11  0 C
2450843.71344 20.369 0.139 11  0 D
2450844.66259 20.608 0.225 11  0 C
2450850.68340 20.444 0.220 11  0 C
2450854.70542 20.341 0.213 11  0 B
2450855.75188 21.030 0.491 11  0 B
2450858.63978 20.461 0.273 11  0 E
2450860.73099 20.231 0.212 11  0 C
2450876.65530 20.652 0.214 11  0 B
2450879.61513 20.533 0.219 11  0 C
2450895.57499 20.506 0.250 11  0 C
2450900.54392 20.581 0.254 11  0 C
2450920.54506 20.755 0.322 11  0 D
2450933.51140 20.243 0.228 11  0 C
2450951.52441 20.535 0.173 11  0 A
2451051.91363 20.809 0.262 11  0 C
2451069.82670 20.448 0.145 11  0 B
2451079.79102 20.695 0.195 11  0 C
2451093.86607 20.619 0.192 11  0 A
2451102.84409 20.791 0.146 11 40 A
2451107.82696 20.139 0.127 11  0 B
2451113.84075 20.531 0.164 11  0 D
2451119.77357 20.674 0.230 11  0 B
2451126.74503 21.443 0.495 11  0 C
2451130.71112 20.691 0.246 11  0 C
2451136.83892 20.904 0.254 11  0 A
2451142.73092 20.402 0.118 11  0 A
2451151.82602 20.436 0.180 11  0 A
2451154.83458 20.284 0.178 11  0 B
2451157.78616 20.229 0.200 11  0 B
2451161.78414 20.545 0.128 11  0 A
2451166.79216 21.017 0.431 11  0 C
2451170.84011 20.638 0.203 11  0 A
2451174.82276 20.975 0.241 11  0 B
2451185.78892 22.146 0.753 11 40 A
2451187.74086 20.497 0.198 11  0 B
2451189.80533 20.450 0.162 11  0 B
2451192.72490 20.529 0.173 11  0 B
2451207.66161 20.137 0.146 11  0 B
2451214.75851 20.780 0.284 11  0 B
2451223.61184 20.447 0.178 11  0 C
2451226.70677 20.986 0.295 11  0 C
2451230.65514 20.337 0.161 11  0 B
2451234.58157 20.874 0.296 11 40 C
2451238.58514 20.090 0.178 11  0 C
2451239.71778 20.548 0.290 11  0 B
2451241.69440 20.271 0.194 11  0 A
2451243.55226 20.461 0.211 11  0 D
2451245.52086 20.605 0.298 11  0 E
2451253.60003 20.593 0.243 11  0 D
2451256.57933 20.594 0.270 11  0 B
2451261.57538 20.711 0.222 11  0 A
2451265.59305 20.745 0.251 11  0 B
2451268.57796 20.935 0.440 11  0 B
2451276.53142 20.784 0.293 11  0 B
2451279.52591 20.763 0.304 11  0 B
2451288.55947 20.579 0.258 11  0 A
2451291.59050 20.764 0.245 11  0 A
2451296.56389 20.510 0.259 11  0 A
2451300.51027 20.542 0.314 11  0 B
2451308.51944 20.987 0.331 11  0 B
2451313.49501 20.593 0.294 11  0 B
2451317.52260 21.047 0.382 11  0 C
2451320.46930 20.391 0.251 11  0 B
2451412.89366 20.570 0.225 11  0 C
2451437.84675 20.355 0.161 11  0 C
2451440.88541 20.270 0.194 11  0 C
2451443.88332 20.908 0.329 11  0 D
2451455.88597 20.556 0.313 11  0 D
2451459.86730 20.598 0.224 11  0 C
2451470.81949 20.635 0.174 11  0 A
2451475.81824 20.354 0.204 11  0 A
2451477.70510 20.192 0.171 11  0 B
2451479.74527 20.611 0.222 11  0 B
2451487.80232 20.233 0.168 11  0 B
2451493.82607 20.518 0.204 11  0 A
2451498.75441 20.498 0.193 11  0 B
2451501.83848 20.514 0.189 11  0 C
2451503.73324 20.536 0.219 11  0 B
2451505.83986 20.541 0.240 11  0 A
2451517.69627 20.220 0.122 11 40 A
2451519.69865 20.329 0.165 11  0 A
2451521.72133 20.374 0.137 11  0 A
2451525.73200 20.595 0.177 11  0 A
2451531.73925 20.585 0.264 11  0 C
2451538.69596 20.133 0.130 11  0 A
2451541.65203 21.024 0.253 11  0 A
2451542.75195 20.512 0.183 11  0 A
2451544.70875 20.386 0.145 11  0 B
2451549.77755 20.337 0.275 11  0 A
2451555.70446 20.605 0.201 11  0 A
2451556.67511 20.937 0.471 11  0 A
2451564.68216 21.168 0.468 11  0 E
2451570.73702 20.707 0.206 11  0 A
2451574.73268 20.340 0.131 11  0 A
2451578.73400 20.139 0.197 11  0 C
2451584.62637 20.495 0.227 11  0 B
2451595.69395 20.014 0.174 11  0 B
2451599.70529 21.334 0.559 11  0 C
2451600.67981 21.451 0.758 11  0 E
2451604.53049 20.666 0.268 11  0 C
2451606.54423 20.864 0.277 11  0 B
2451609.56348 20.882 0.326 11  0 B
2451610.60774 20.542 0.227 11  0 C
2451611.63918 20.517 0.215 11  0 D
2451612.53353 20.720 0.224 11  0 B
2451613.62494 20.677 0.313 11  0 D
2451614.52578 20.432 0.166 11  0 B
2451615.53068 20.336 0.175 11  0 A
2451616.54507 20.429 0.171 11  0 A
2451617.53004 20.182 0.139 11  0 A
2451618.53672 20.485 0.240 11  0 A
2451619.58581 20.560 0.258 11  0 A
2451620.60687 20.321 0.229 11  0 C
2451621.52501 21.320 0.575 11  0 B
2451622.59241 20.447 0.220 11  0 A
2451623.54732 20.724 0.294 11  0 B
2451624.55499 21.352 0.593 11  0 B
2451626.65943 20.976 0.297 11  0 A
2451627.57457 20.606 0.317 11  0 C
2451631.53808 20.301 0.159 11  0 A
2451632.61624 20.652 0.225 11  0 B
2451633.52889 20.785 0.263 11  0 A
2451634.56853 20.598 0.205 11  0 B
2451635.53677 20.961 0.322 11  0 B
2451653.59409 21.363 0.595 11  0 D
2451656.57468 20.653 0.297 11  0 B
2451658.55215 20.283 0.191 11  0 C
2451661.48248 20.935 0.384 11  0 B
2451663.50763 20.538 0.239 11  0 A
2451665.52382 20.860 0.407 11  0 C
2451671.51970 20.188 0.222 11  0 C
2451766.90877 21.410 0.645 11  0 D
2451789.82932 20.666 0.148 11  0 A
2451812.86346 20.811 0.204 11  0 A
2451814.87862 20.195 0.145 11  0 A
2451817.88053 20.634 0.166 11  0 A
2451828.88856 21.083 0.486 11  0 B
2451829.86012 20.207 0.171 11  0 A
