2450726.83010 18.668 0.031 11  0 A
2450739.86391 18.631 0.052 11  0 D
2450744.77221 18.663 0.042 11  0 B
2450745.85686 18.605 0.034 11  0 A
2450746.84271 18.639 0.034 11  0 A
2450747.73816 18.617 0.037 11  0 C
2450748.69013 18.575 0.044 11  0 E
2450750.80309 18.717 0.038 11 40 B
2450751.80393 18.530 0.031 11 40 B
2450752.86174 18.579 0.036 11  0 B
2450754.80798 18.586 0.044 11  0 E
2450755.78596 18.627 0.036 11  0 D
2450759.71180 18.591 0.031 11  0 C
2450761.79306 18.548 0.049 11  0 E
2450766.84275 18.597 0.050 11  0 C
2450773.79834 18.616 0.046 11  0 C
2450776.82355 18.649 0.034 11  0 C
2450780.78393 18.644 0.033 11  0 C
2450782.81255 18.619 0.038 11  0 B
2450788.84006 18.665 0.029 11  0 A
2450792.75011 18.653 0.047 11  0 C
2450795.83543 18.584 0.033 11  0 A
2450798.75974 18.613 0.033 11  0 A
2450817.75808 18.636 0.033 11  0 A
2450819.83479 18.619 0.042 11  0 B
2450824.70545 18.639 0.048 11  0 B
2450826.79811 18.674 0.048 11  0 A
2450827.69494 18.690 0.035 11  0 A
2450828.75456 18.596 0.034 11  0 A
2450829.70218 18.638 0.034 11  0 B
2450830.76028 18.579 0.035 11  0 A
2450831.59755 18.715 0.048 11  0 D
2450832.76715 18.595 0.034 11  0 A
2450833.58673 18.676 0.034 11  0 B
2450834.69072 18.630 0.034 11  0 B
2450835.80851 18.599 0.036 11  0 B
2450837.67040 18.581 0.025 11  0 A
2450839.66885 18.609 0.035 11  0 E
2450841.75786 18.632 0.034 11  0 B
2450842.74778 18.624 0.040 11  0 C
2450844.60272 18.577 0.033 11  0 E
2450846.77466 18.640 0.035 11  0 B
2450850.76552 18.555 0.036 11  0 B
2450855.71245 18.673 0.061 11  0 C
2450856.67446 18.625 0.051 11  0 D
2450857.73313 18.593 0.041 11  0 A
2450858.69627 18.549 0.035 11  0 B
2450859.76302 18.549 0.034 11  0 A
2450860.65600 18.620 0.044 11  0 B
2450865.57331 18.468 0.043 11  0 F
2450867.62838 18.573 0.053 11  0 F
2450874.69211 18.606 0.032 11  0 B
2450876.60816 18.565 0.030 11  0 B
2450876.71066 18.595 0.034 11  0 B
2450878.69817 18.550 0.035 11  0 B
2450880.63251 18.609 0.036 11  0 B
2450887.67675 18.598 0.041 11  0 C
2450890.70038 18.562 0.051 11  0 E
2450892.54713 18.572 0.033 11  0 B
2450893.71338 18.652 0.044 11  0 B
2450896.51512 18.564 0.032 11  0 A
2450900.56860 18.617 0.040 11 40 B
2450919.57047 18.679 0.054 11  0 C
2450925.52352 18.510 0.047 11  0 E
2450931.58148 18.696 0.059 11  0 D
2450934.53031 18.625 0.057 11  0 D
2450950.52347 18.646 0.044 11  0 A
2451079.81436 18.490 0.034 11  0 C
2451080.81800 18.629 0.033 11  0 D
2451083.82854 18.499 0.038 11  0 D
2451084.82393 18.648 0.037 11  0 C
2451086.85198 18.601 0.037 11  0 B
2451090.77960 18.564 0.050 11  0 E
2451092.83003 18.561 0.042 11  0 A
2451093.84212 18.603 0.038 11  0 B
2451106.77100 18.600 0.028 11  0 B
2451108.79201 18.569 0.033 11  0 C
2451114.80144 18.578 0.027 11  0 A
2451119.84470 18.592 0.034 11  0 A
2451120.74926 18.659 0.044 11  0 B
2451126.76907 18.614 0.039 11  0 C
2451129.83338 18.647 0.034 11  0 C
2451131.83933 18.589 0.044 11  0 D
2451132.82895 18.627 0.035 11  0 B
2451137.81113 18.565 0.031 11  0 A
2451138.85244 18.668 0.041 11  0 A
2451142.77913 18.687 0.033 11  0 A
2451152.73678 18.547 0.052 11  0 D
2451154.75233 18.564 0.039 11  0 D
2451155.70858 18.621 0.039 11  0 D
2451157.76246 18.543 0.043 11  0 C
2451159.76819 18.595 0.032 11  0 B
2451161.83217 18.559 0.028 11  0 A
2451163.83408 18.530 0.029 11  0 C
2451164.84901 18.580 0.027 11  0 A
2451166.76646 18.669 0.048 11  0 C
2451167.79271 18.663 0.054 11  0 D
2451168.77534 18.612 0.048 11  0 C
2451171.74424 18.623 0.027 11  0 A
2451175.74164 18.583 0.030 11  0 D
2451179.79109 18.718 0.047 11  0 A
2451181.75456 18.538 0.038 11  0 A
2451183.83950 18.644 0.034 11  0 B
2451185.83685 18.594 0.029 11  0 A
2451187.79218 18.584 0.028 11  0 A
2451189.72864 18.613 0.030 11  0 A
2451191.76734 18.674 0.035 11  0 C
2451192.82612 18.598 0.029 11  0 B
2451193.81808 18.554 0.025 11  0 A
2451194.69372 18.624 0.038 11  0 D
2451201.78222 18.577 0.036 11  0 C
2451202.79144 18.649 0.038 11  0 B
2451204.69802 18.630 0.040 11  0 B
2451206.79814 18.593 0.032 11  0 B
2451207.70840 18.600 0.043 11  0 B
2451211.76633 18.736 0.062 11  0 B
2451214.68046 18.599 0.044 11  0 B
2451215.58527 18.682 0.033 11  0 B
2451216.66169 18.615 0.033 11  0 B
2451217.74338 18.672 0.038 11  0 B
2451219.65707 18.605 0.036 11  0 C
2451220.76504 18.688 0.048 11  0 B
2451221.63093 18.582 0.039 11  0 B
2451223.71953 18.614 0.043 11  0 D
2451226.60916 18.609 0.034 11  0 C
2451227.61397 18.621 0.036 11  0 C
2451230.67876 18.636 0.047 11  0 E
2451233.57479 18.648 0.035 11  0 A
2451235.71258 18.687 0.049 11  0 C
2451238.63510 18.577 0.050 11  0 E
2451240.71086 18.651 0.048 11  0 B
2451242.52879 18.634 0.043 11  0 B
2451244.66531 18.497 0.039 11  0 B
2451247.52313 18.520 0.037 11  0 B
2451248.62331 18.641 0.042 11  0 C
2451251.57784 18.617 0.053 11  0 E
2451254.59235 18.580 0.042 11  0 C
2451255.62557 18.668 0.050 11  0 E
2451256.62959 18.595 0.042 11  0 C
2451258.61677 18.620 0.034 11  0 A
2451261.52261 18.646 0.039 11  0 A
2451264.53360 18.570 0.040 11  0 A
2451267.55515 18.629 0.050 11  0 B
2451272.53543 18.699 0.056 11  0 C
2451274.56726 18.583 0.055 11  0 D
2451276.56574 18.641 0.050 11  0 C
2451278.56930 18.535 0.045 11  0 B
2451279.55208 18.685 0.048 11  0 C
2451290.53340 18.596 0.048 11  0 B
2451298.50993 18.630 0.052 11  0 B
2451301.58430 18.643 0.064 11  0 C
2451306.50129 18.613 0.040 11  0 A
2451315.53365 18.572 0.056 11  0 C
2451318.51620 18.568 0.046 11  0 D
2451320.50894 18.557 0.049 11  0 B
2451330.51910 18.563 0.052 11  0 A
2451335.51225 18.639 0.051 11  0 C
2451431.87155 18.612 0.037 11  0 D
2451433.86647 18.732 0.056 11  0 D
2451436.77994 18.609 0.041 11  0 B
2451439.85825 18.606 0.030 11  0 B
2451441.87694 18.616 0.037 11  0 B
2451443.89859 18.579 0.047 11  0 C
2451447.82959 18.574 0.052 11  0 D
2451449.87142 18.638 0.057 11  0 D
2451454.83591 18.593 0.058 11  0 F
2451455.81622 18.585 0.062 11  0 F
2451459.75216 18.687 0.049 11  0 E
2451462.82976 18.688 0.056 11  0 F
2451471.82744 18.583 0.036 11  0 B
2451476.71905 18.658 0.045 11  0 B
2451478.79745 18.631 0.039 11  0 B
2451484.78564 18.653 0.045 11  0 C
2451488.84963 18.662 0.036 11  0 A
2451489.76756 18.611 0.028 11  0 A
2451491.79624 18.635 0.038 11  0 C
2451493.73825 18.646 0.040 11  0 B
2451496.63515 18.575 0.043 11  0 C
2451498.70221 18.593 0.033 11  0 B
2451500.84247 18.609 0.032 11  0 B
2451503.67778 18.691 0.057 11  0 C
2451505.78508 18.580 0.040 11  0 A
2451507.73604 18.575 0.044 11  0 B
2451508.68875 18.609 0.034 11  0 A
2451509.71404 18.710 0.040 11  0 A
2451511.70729 18.647 0.042 11  0 A
2451512.81202 18.688 0.043 11  0 C
2451514.75567 18.627 0.041 11  0 D
2451517.72079 18.619 0.029 11  0 A
2451519.67437 18.584 0.036 11  0 A
2451522.75454 18.620 0.033 11  0 B
2451523.69948 18.578 0.053 11  0 D
2451525.67598 18.571 0.044 11  0 D
2451527.79545 18.561 0.038 11  0 D
2451528.80383 18.636 0.030 11  0 A
2451529.84703 18.631 0.040 11  0 B
2451531.82518 18.524 0.034 11  0 B
2451538.78157 18.657 0.039 11  0 B
2451542.80615 18.596 0.035 11  0 A
2451544.74805 18.616 0.031 11  0 A
2451547.82065 18.625 0.037 11  0 B
2451548.83016 18.608 0.030 11  0 A
2451549.84007 18.584 0.034 11  0 A
2451552.71664 18.634 0.035 11  0 A
2451553.79168 18.627 0.036 11  0 A
2451554.80690 18.687 0.030 11  0 A
2451555.79527 18.616 0.037 11  0 B
2451555.84835 18.508 0.039 11  0 B
2451561.58827 18.641 0.043 11  0 B
2451562.79306 18.571 0.039 11  0 A
2451566.64102 18.580 0.043 11  0 B
2451568.66393 18.661 0.043 11  0 B
2451571.72717 18.717 0.042 11  0 B
2451575.68995 18.616 0.036 11  0 B
2451577.75706 18.622 0.034 11  0 B
2451579.72697 18.537 0.034 11  0 B
2451581.67493 18.685 0.046 11  0 C
2451584.65101 18.544 0.036 11  0 B
2451586.65988 18.593 0.031 11  0 A
2451589.75703 18.656 0.053 11  0 C
2451592.63374 18.536 0.030 11  0 A
2451593.55115 18.599 0.051 11  0 B
2451595.62372 18.674 0.047 11  0 B
2451596.73711 18.658 0.053 11  0 B
2451599.72898 18.546 0.042 11  0 D
2451600.65681 18.480 0.041 11  0 C
2451601.73495 18.653 0.045 11  0 B
2451602.71633 18.637 0.040 11  0 B
2451604.70861 18.725 0.065 11  0 E
2451606.68292 18.545 0.039 11  0 C
2451609.69640 18.621 0.038 11  0 A
2451610.71399 18.592 0.054 11  0 C
2451611.69125 18.630 0.053 11  0 D
2451613.68197 18.607 0.053 11  0 D
2451615.69200 18.599 0.039 11  0 D
2451616.62894 18.503 0.037 11  0 B
2451617.67213 18.672 0.038 11  0 A
2451618.51344 18.672 0.046 11  0 A
2451620.53699 18.635 0.050 11  0 B
2451620.68685 18.627 0.053 11  0 C
2451622.68129 18.695 0.058 11  0 B
2451624.67936 18.589 0.060 11  0 D
2451625.65900 18.607 0.043 11  0 B
2451627.67554 18.640 0.040 11  0 A
2451629.65050 18.609 0.042 11  0 B
2451630.66749 18.564 0.033 11  0 A
2451633.50496 18.600 0.037 11  0 A
2451634.62428 18.591 0.037 11  0 B
2451635.63781 18.608 0.044 11  0 B
2451644.56432 18.648 0.035 11  0 A
2451650.49523 18.654 0.068 11  0 E
2451653.53133 18.683 0.056 11  0 B
2451654.58277 18.577 0.049 11  0 B
2451656.59951 18.613 0.052 11  0 C
2451658.52707 18.492 0.040 11  0 B
2451662.51212 18.563 0.040 11  0 A
2451665.54743 18.566 0.051 11  0 C
2451670.50677 18.523 0.037 11  0 B
2451782.90649 18.653 0.044 11  0 C
2451783.89762 18.649 0.037 11  0 B
2451790.88450 18.649 0.033 11  0 A
2451813.81874 18.586 0.032 11  0 B
2451818.87114 18.597 0.034 11  0 B
2451826.87071 18.591 0.034 11  0 B
2451843.80674 18.634 0.037 11  0 B
2451844.82188 18.568 0.031 11  0 A
2451845.71286 18.617 0.035 11  0 C
2451850.72421 18.522 0.046 11  0 D
2451855.79846 18.641 0.035 11  0 C
2451860.77217 18.656 0.046 11  0 B
2451864.75841 18.636 0.035 11  0 B
2451866.79691 18.641 0.035 11  0 A
2451868.75499 18.671 0.032 11  0 A
2451869.78938 18.587 0.036 11  0 B
