2450455.68819 16.767 0.005 11  0 A
2450455.71583 16.760 0.005 11  0 A
2450455.76038 16.748 0.005 11  0 B
2450456.58349 16.758 0.005 11  0 A
2450456.62072 16.766 0.005 11 40 A
2450456.70394 16.758 0.006 11  0 B
2450456.75141 16.763 0.005 11  0 A
2450456.80284 16.770 0.006 11  0 B
2450457.55117 16.752 0.006 11  0 C
2450457.59511 16.756 0.006 11  0 A
2450457.65378 16.762 0.006 11  0 A
2450457.71233 16.759 0.005 11  0 A
2450457.77101 16.773 0.005 11 40 A
2450458.62750 16.768 0.006 11  0 B
2450458.68622 16.764 0.007 11  0 D
2450458.75542 16.757 0.006 11  0 D
2450459.54476 16.750 0.007 11  0 D
2450459.59097 16.755 0.006 11  0 B
2450459.64951 16.757 0.006 11  0 A
2450459.70898 16.752 0.005 11  0 A
2450459.75275 16.772 0.006 11  0 B
2450459.79660 16.758 0.005 11  0 A
2450461.55569 16.765 0.006 11  0 C
2450461.59951 16.778 0.006 11  0 B
2450461.65811 16.767 0.006 11  0 A
2450461.72429 16.759 0.005 11  0 A
2450461.78628 16.764 0.006 11  0 B
2450462.55620 16.769 0.006 11  0 B
2450462.61484 16.768 0.005 11 40 A
2450462.66082 16.770 0.005 11  0 A
2450465.65967 16.736 0.006 11 40 B
2450465.70734 16.768 0.006 11  0 C
2450465.79220 16.765 0.006 11  0 A
2450466.64343 16.760 0.006 11  0 B
2450466.70994 16.759 0.006 11 40 B
2450466.79491 16.748 0.006 11  0 C
2450467.64707 16.771 0.006 11 40 A
2450467.75168 16.760 0.006 11  0 A
2450467.81761 16.768 0.006 11  0 A
2450468.65376 16.759 0.007 11  0 D
2450468.72393 16.770 0.006 11 40 A
2450468.78254 16.781 0.005 11 40 A
2450469.65463 16.758 0.006 11  0 B
2450469.73144 16.777 0.006 11 40 B
2450469.79165 16.771 0.006 11 40 B
2450470.72942 16.757 0.007 11  0 C
2450471.64048 16.763 0.006 11  0 A
2450471.77724 16.771 0.007 11  0 B
2450472.61504 16.773 0.006 11  0 B
2450472.65892 16.753 0.006 11  0 A
2450472.70269 16.759 0.006 11  0 B
2450472.76865 16.762 0.007 11  0 A
2450472.84201 16.777 0.008 11 40 B
2450473.68272 16.741 0.009 11  0 D
2450474.69463 16.769 0.006 11  0 B
2450474.76108 16.747 0.007 11  0 D
2450475.52902 16.759 0.007 11  0 C
2450475.58780 16.760 0.006 11  0 B
2450475.65395 16.766 0.007 11  0 C
2450475.70608 16.766 0.007 11  0 C
2450475.75317 16.754 0.008 11  0 D
2450476.73411 16.765 0.006 11  0 C
2450477.52576 16.765 0.008 11  0 B
2450477.57133 16.768 0.006 11  0 A
2450477.72450 16.759 0.006 11  0 B
2450477.80538 16.770 0.006 11  0 A
2450477.84963 16.767 0.007 11  0 B
2450478.53190 16.756 0.006 11  0 B
2450478.75231 16.762 0.005 11  0 A
2450478.81125 16.779 0.006 11 40 A
2450479.53073 16.770 0.006 11  0 C
2450479.57465 16.758 0.005 11  0 A
2450479.76669 16.775 0.006 11  0 B
2450479.81227 16.762 0.007 11  0 B
2450480.56677 16.767 0.006 11  0 C
2450480.64794 16.764 0.005 11  0 B
2450480.74154 16.750 0.006 11  0 B
2450480.78562 16.765 0.006 11  0 C
2450481.55197 16.750 0.006 11  0 B
2450481.70037 16.770 0.006 11  0 B
2450481.74434 16.773 0.006 11 40 B
2450481.78830 16.759 0.006 11  0 B
2450482.70118 16.748 0.006 11  0 B
2450482.77913 16.774 0.006 11  0 C
2450483.56748 16.752 0.007 11  0 D
2450483.61190 16.741 0.006 11  0 C
2450483.65581 16.773 0.006 11  0 C
2450483.69979 16.775 0.006 11 40 C
2450483.74368 16.761 0.006 11  0 B
2450483.78761 16.764 0.006 11  0 C
2450484.56615 16.784 0.006 11 40 B
2450484.67483 16.755 0.006 11  0 B
2450484.71920 16.763 0.006 11  0 B
2450484.76322 16.752 0.006 11  0 B
2450485.56981 16.778 0.006 11 40 B
2450485.71671 16.776 0.006 11  0 B
2450485.76086 16.750 0.006 11  0 B
2450486.56627 16.759 0.006 11  0 B
2450486.61186 16.757 0.005 11  0 B
2450486.70840 16.753 0.006 11  0 C
2450486.75356 16.752 0.006 11  0 B
2450487.59323 16.753 0.005 11  0 B
2450487.64147 16.762 0.005 11  0 B
2450487.68931 16.747 0.005 11  0 B
2450487.73346 16.769 0.005 11  0 B
2450487.77762 16.772 0.006 11 40 B
2450488.57876 16.750 0.006 11  0 B
2450488.62273 16.773 0.006 11 40 B
2450488.69158 16.769 0.006 11  0 A
2450488.73560 16.759 0.009 11  0 B
2450488.77966 16.779 0.007 11  0 C
2450489.55452 16.763 0.005 11  0 B
2450489.64348 16.775 0.006 11  0 A
2450489.68741 16.753 0.005 11  0 B
2450489.77536 16.781 0.009 11  0 B
2450490.54777 16.759 0.005 11  0 B
2450490.68496 16.771 0.006 11 40 B
2450491.57227 16.767 0.006 11 40 D
2450491.62408 16.766 0.005 11  0 C
2450491.66820 16.746 0.006 11  0 B
2450492.55643 16.769 0.006 11  0 C
2450492.60033 16.746 0.007 11  0 F
2450492.63078 16.764 0.006 11  0 C
2450492.67665 16.761 0.006 11 40 D
2450493.55946 16.755 0.005 11  0 B
2450493.60398 16.751 0.005 11  0 B
2450494.55419 16.742 0.006 11  0 D
2450494.59812 16.759 0.006 11  0 B
2450494.64235 16.752 0.006 11  0 B
2450494.68665 16.758 0.005 11  0 B
2450495.55699 16.760 0.006 11  0 C
2450495.63063 16.759 0.007 11  0 D
2450495.68411 16.755 0.006 11  0 C
2450496.55240 16.770 0.006 11 40 B
2450496.59715 16.755 0.006 11  0 C
2450496.64122 16.784 0.007 11 40 C
2450496.68613 16.784 0.007 11  0 D
2450497.58012 16.748 0.006 11  0 A
2450498.55146 16.766 0.006 11  0 B
2450498.59550 16.762 0.006 11  0 B
2450499.54641 16.767 0.006 11 40 B
2450499.59212 16.777 0.006 11  0 C
2450500.57394 16.762 0.007 11  0 C
2450500.58915 16.756 0.007 11  0 D
2450500.63401 16.752 0.008 11  0 D
2450501.55328 16.743 0.006 11  0 B
2450507.54172 16.758 0.006 11 40 B
2450507.58693 16.764 0.006 11  0 B
2450507.65876 16.746 0.008 11  0 F
2450509.53764 16.777 0.006 11 40 C
2450509.58469 16.769 0.006 11 40 B
2450510.57925 16.754 0.007 11  0 D
2450510.62480 16.758 0.006 11  0 C
2450512.57131 16.770 0.006 11  0 C
2450513.55167 16.764 0.007 11  0 E
2450514.55989 16.763 0.006 11  0 B
2450515.55402 16.773 0.006 11  0 A
2450515.60693 16.768 0.005 11  0 A
2450516.56033 16.779 0.006 11 40 B
2450524.55391 16.769 0.007 11  0 C
2450524.60403 16.757 0.007 11  0 C
2450530.55657 16.749 0.007 11  0 C
2450531.55396 16.770 0.007 11  0 C
2450532.54345 16.764 0.008 11  0 E
2450533.56070 16.774 0.008 11 40 E
2450534.54986 16.761 0.007 11  0 D
2450534.59405 16.791 0.008 11  0 D
2450534.64580 16.782 0.010 11  0 E
2450535.53451 16.749 0.005 11  0 C
2450535.59479 16.745 0.007 11 40 D
2450535.66851 16.777 0.007 11  0 D
2450536.51359 16.750 0.007 11  0 E
2450541.51520 16.773 0.009 11  0 C
2450542.50428 16.764 0.007 11  0 C
2450551.48507 16.757 0.006 11  0 B
2450552.49338 16.760 0.006 11  0 B
2450553.50175 16.762 0.008 11  0 A
2450553.61254 16.796 0.009 11 40 B
2450554.47856 16.776 0.008 11 40 B
2450554.56400 16.771 0.009 11  0 C
2450555.48489 16.769 0.009 11  0 B
2450557.58544 16.766 0.011 11  0 E
2450558.53227 16.764 0.011 11  0 D
2450559.51605 16.758 0.009 11  0 C
2450560.49413 16.758 0.010 11  0 C
2450561.49416 16.759 0.009 11  0 B
2450562.49566 16.742 0.011 11  0 E
2450564.49685 16.774 0.011 11  0 E
2450565.50266 16.761 0.008 11  0 B
2450566.49665 16.756 0.008 11  0 B
2450567.49774 16.759 0.007 11  0 A
2450568.48296 16.748 0.009 11  0 E
2450569.49280 16.747 0.008 11  0 C
2450571.47862 16.768 0.009 11  0 B
2450572.50712 16.744 0.009 11  0 B
2450573.51096 16.759 0.008 11  0 C
2450574.46938 16.751 0.008 11  0 C
2450575.46802 16.752 0.009 11  0 C
2450576.48307 16.738 0.009 11  0 C
2450577.47697 16.753 0.010 11  0 C
2450578.48999 16.768 0.008 11  0 A
2450582.47269 16.762 0.011 11  0 E
2450583.47545 16.765 0.008 11  0 A
2450665.80075 16.764 0.006 11  0 B
2450672.86079 16.755 0.007 11  0 C
2450689.89125 16.774 0.008 11 40 B
2450699.89463 16.769 0.008 11  0 B
2450701.81156 16.768 0.009 11  0 C
2450704.85404 16.759 0.008 11  0 C
2450706.83554 16.734 0.010 11  0 E
2450714.80291 16.741 0.008 11 40 C
2450715.87567 16.762 0.008 11  0 B
2450716.76749 16.770 0.007 11  0 C
2450720.82387 16.745 0.008 11  0 E
2450728.76274 16.765 0.007 11  0 B
2450729.76271 16.762 0.008 11  0 D
2450730.71830 16.757 0.008 11  0 C
2450733.80925 16.774 0.011 11  0 F
2450741.81253 16.746 0.008 11  0 B
2450745.76734 16.761 0.007 11  0 C
2450747.81580 16.757 0.008 11  0 B
2450753.76371 16.769 0.008 11  0 C
2450759.80419 16.761 0.008 11  0 C
2450766.77834 16.763 0.009 11  0 B
2450772.79743 16.754 0.008 11 40 B
2450775.77915 16.771 0.007 11  0 A
2450779.79782 16.763 0.007 11  0 B
2450781.81468 16.758 0.008 11  0 B
2450787.77425 16.771 0.007 11  0 A
2450789.75820 16.764 0.008 11  0 B
2450790.76874 16.768 0.008 11  0 D
2450795.72635 16.772 0.007 11  0 A
2450797.72601 16.757 0.007 11  0 A
2450805.78289 16.759 0.009 11  0 C
2450816.75392 16.772 0.008 11  0 A
2450817.67314 16.780 0.007 11 40 A
2450819.77286 16.768 0.008 11  0 A
2450822.78703 16.783 0.007 11 40 A
2450824.81632 16.763 0.008 11  0 A
2450826.63981 16.745 0.007 11  0 A
2450829.71043 16.773 0.007 11  0 C
2450832.66660 16.770 0.008 11  0 A
2450836.76542 16.777 0.008 11  0 A
2450840.64481 16.775 0.008 11  0 C
2450843.64532 16.755 0.007 11  0 A
2450854.64962 16.758 0.010 11  0 E
2450856.58990 16.769 0.008 11  0 C
2450860.74298 16.744 0.009 11  0 E
2450864.66566 16.737 0.010 11  0 E
2450875.53783 16.752 0.007 11  0 C
2450879.62433 16.749 0.008 11  0 D
2450880.52343 16.743 0.008 11  0 B
2450887.53671 16.752 0.009 11  0 C
2450892.62026 16.756 0.008 11  0 A
2450895.51114 16.859 0.008 11  0 C
2450898.51796 16.767 0.007 11  0 A
2450918.50504 16.753 0.010 11  0 E
2450922.58533 16.739 0.008 11  0 C
2450928.51125 16.755 0.009 11  0 C
2450931.53320 16.751 0.009 11  0 D
2450933.54299 16.756 0.008 11  0 B
2450940.52424 16.772 0.008 11  0 A
2450947.48264 16.753 0.011 11  0 D
2450951.53258 16.757 0.007 11  0 B
2451045.86461 16.737 0.008 11  0 D
2451051.85117 16.772 0.009 11  0 E
2451052.88640 16.750 0.008 11  0 D
2451053.86656 16.751 0.007 11  0 C
2451054.88228 16.760 0.007 11  0 C
2451055.85478 16.759 0.009 11  0 E
2451059.86752 16.749 0.010 11  0 E
2451068.86164 16.760 0.008 11  0 C
2451069.87232 16.764 0.007 11  0 C
2451071.88938 16.768 0.007 11  0 D
2451081.84981 16.756 0.007 11  0 B
2451087.79687 16.755 0.008 11  0 D
2451091.79932 16.781 0.009 11  0 D
2451095.78108 16.765 0.009 11  0 F
2451102.78178 16.770 0.006 11  0 A
2451106.83684 16.763 0.006 11  0 A
2451107.76461 16.747 0.007 11  0 C
2451112.86456 16.770 0.007 11  0 A
2451119.78212 16.744 0.008 11  0 B
2451126.80402 16.724 0.007 11 40 B
2451131.67162 16.769 0.008 11 40 E
2451132.72795 16.761 0.008 11  0 B
2451136.76121 16.765 0.007 11  0 A
2451138.78534 16.757 0.007 11  0 A
2451142.65240 16.766 0.007 11  0 B
2451144.72133 16.755 0.007 11  0 A
2451151.74718 16.773 0.008 11  0 B
2451155.74643 16.758 0.007 11  0 B
2451158.74399 16.758 0.007 11  0 A
2451161.72194 16.754 0.006 11  0 B
2451165.74265 16.768 0.007 11  0 B
2451169.73757 16.767 0.007 11  0 C
2451174.71136 16.748 0.007 11  0 B
2451179.72822 16.765 0.008 11  0 A
2451181.80024 16.759 0.008 11  0 A
2451186.75469 16.766 0.007 11  0 A
2451187.81594 16.763 0.006 11  0 A
2451188.74397 16.758 0.006 11  0 A
2451196.69469 16.756 0.008 11  0 D
2451201.70361 16.764 0.008 11  0 E
2451203.72174 16.760 0.007 11  0 A
2451207.58038 16.789 0.011 11  0 C
2451211.61810 16.762 0.008 11  0 A
2451214.61896 16.752 0.008 11  0 B
2451217.59383 16.772 0.007 11  0 A
2451220.59866 16.759 0.008 11  0 A
2451223.62489 16.763 0.008 11  0 C
2451225.56582 16.753 0.007 11  0 B
2451227.64638 16.761 0.008 11  0 C
2451231.54228 16.749 0.008 11  0 B
2451242.65022 16.759 0.009 11  0 B
2451244.59960 16.760 0.008 11  0 C
2451247.53233 16.756 0.009 11  0 C
2451252.64824 16.756 0.010 11  0 E
2451256.51709 16.774 0.010 11  0 D
2451260.53965 16.762 0.008 11  0 A
2451265.51753 16.754 0.008 11  0 B
2451273.56344 16.757 0.010 11  0 D
2451277.49970 16.751 0.009 11  0 B
2451288.49796 16.752 0.009 11  0 B
2451290.56537 16.779 0.009 11 40 B
2451296.50273 16.774 0.009 11  0 A
2451298.54066 16.791 0.009 11 40 A
2451301.48233 16.778 0.010 11  0 B
2451305.52817 16.776 0.009 11  0 D
2451308.45768 16.776 0.010 11  0 B
2451313.50416 16.757 0.010 11  0 C
2451316.49605 16.740 0.005 11  0 A
2451319.47227 16.755 0.009 11  0 B
2451412.83057 16.763 0.010 11  0 F
2451418.82776 16.772 0.009 11  0 D
2451430.88224 16.755 0.007 11  0 B
2451432.81608 16.750 0.008 11  0 C
2451435.79213 16.761 0.009 11  0 D
2451437.77603 16.771 0.009 11  0 D
2451440.82370 16.769 0.008 11 40 B
2451446.83574 16.753 0.011 11  0 D
2451447.86127 16.770 0.010 11 40 D
2451451.75639 16.766 0.009 11  0 C
2451458.84735 16.729 0.009 11  0 C
2451459.76304 16.761 0.009 11  0 E
2451462.76729 16.771 0.011 11  0 F
2451470.82768 16.770 0.007 11  0 B
2451475.74028 16.775 0.008 11  0 A
2451478.69569 16.760 0.010 11  0 E
2451478.83054 16.753 0.008 11  0 B
2451481.66935 16.775 0.008 11  0 D
2451487.69872 16.764 0.008 11  0 B
2451490.69555 16.774 0.009 11  0 D
2451492.68864 16.776 0.009 11  0 D
2451495.68717 16.764 0.008 11 40 C
2451497.81334 16.754 0.009 11  0 B
2451499.64499 16.783 0.009 11  0 D
2451502.64019 16.790 0.010 11 40 E
2451505.68079 16.767 0.009 11  0 A
2451507.81428 16.753 0.009 11  0 B
2451510.79029 16.772 0.008 11 40 A
2451512.68699 16.773 0.009 11  0 D
2451514.79809 16.754 0.008 11  0 C
2451517.63357 16.746 0.009 11  0 D
2451519.70725 16.756 0.008 11  0 A
2451521.64299 16.757 0.008 11  0 B
2451523.76371 16.761 0.009 11  0 C
2451525.75808 16.755 0.007 11 40 A
2451527.68703 16.765 0.008 11  0 B
2451528.73337 16.768 0.007 11  0 A
2451529.75453 16.759 0.007 11  0 C
2451531.74760 16.757 0.008 11  0 B
2451538.70420 16.770 0.008 11  0 A
2451541.66028 16.760 0.006 11  0 A
2451542.69014 16.772 0.008 11  0 B
2451544.61615 16.760 0.008 11  0 B
2451547.74305 16.750 0.006 11  0 A
2451548.72066 16.751 0.007 11  0 A
2451549.71494 16.745 0.006 11  0 A
2451552.57967 16.760 0.007 11  0 B
2451554.70612 16.750 0.007 11 40 B
2451555.71290 16.764 0.008 11 40 B
2451562.71582 16.760 0.008 11  0 C
2451564.59442 16.766 0.009 11  0 A
2451567.68703 16.749 0.008 11  0 B
2451570.59238 16.775 0.008 11  0 C
2451574.78009 16.768 0.007 11  0 A
2451577.73179 16.754 0.008 11  0 B
2451580.76587 16.765 0.008 11  0 A
2451583.65119 16.769 0.008 11  0 A
2451585.73781 16.753 0.007 11  0 A
2451588.74550 16.751 0.009 11  0 D
2451591.71842 16.771 0.010 11  0 E
2451593.56449 16.747 0.009 11  0 A
2451596.71347 16.753 0.009 11  0 B
2451599.63535 16.745 0.007 11  0 A
2451604.59290 16.738 0.008 11  0 C
2451606.62786 16.772 0.009 11  0 C
2451609.66917 16.747 0.007 11 40 B
2451610.65426 16.770 0.008 11  0 C
2451613.54533 16.762 0.009 11  0 D
2451615.57728 16.767 0.007 11 40 B
2451617.64862 16.770 0.008 11  0 A
2451619.63227 16.759 0.009 11  0 A
2451620.58344 16.771 0.009 11  0 C
2451622.53362 16.747 0.009 11  0 B
2451624.53019 16.746 0.009 11  0 B
2451626.53101 16.773 0.008 11  0 C
2451629.53112 16.760 0.008 11 40 B
2451630.61258 16.752 0.008 11 40 A
2451632.54908 16.785 0.008 11 40 B
2451634.52682 16.753 0.008 11  0 B
2451643.51883 16.743 0.008 11  0 B
2451650.53417 16.728 0.011 11  0 E
2451654.55614 16.757 0.009 11  0 B
2451659.54980 16.762 0.009 11  0 B
2451661.57376 16.765 0.008 11  0 B
2451664.53545 16.768 0.008 11  0 A
2451667.54066 16.749 0.010 11  0 C
2451670.56239 16.800 0.011 11  0 E
2451672.55142 16.751 0.009 11  0 B
2451691.51250 16.762 0.008 11  0 A
2451769.89423 16.781 0.010 11  0 E
2451771.92103 16.765 0.011 11  0 D
2451772.90087 16.759 0.008 11  0 C
2451775.90198 16.759 0.008 11  0 A
2451784.88655 16.766 0.008 11  0 B
2451789.87525 16.764 0.007 11  0 B
2451804.82484 16.774 0.008 11  0 B
2451809.84922 16.769 0.007 11  0 B
2451812.81999 16.748 0.007 11  0 A
2451816.83130 16.753 0.007 11  0 B
2451821.82189 16.764 0.007 11  0 C
2451823.86402 16.775 0.007 11  0 A
2451826.84710 16.764 0.008 11  0 B
2451829.82079 16.756 0.009 11  0 B
2451830.83415 16.754 0.008 11 40 A
2451834.87308 16.765 0.008 11  0 C
2451859.81025 16.765 0.008 11  0 B
2451861.82742 16.773 0.008 11  0 B
2451864.80486 16.748 0.007 11  0 A
2451865.78503 16.760 0.007 11  0 B
2451866.85380 16.748 0.007 11  0 A
2451868.82447 16.749 0.007 11 40 A
2451870.75775 16.765 0.007 11  0 A
2451871.84170 16.756 0.007 11  0 A
2451873.80127 16.754 0.007 11  0 A
