2450446.72055 18.782 0.028 11  0 A
2450446.72915 18.937 0.037 11 40 B
2450446.73741 18.849 0.033 11  0 A
2450446.74572 18.811 0.030 11  0 A
2450446.75398 18.875 0.031 11  0 A
2450455.66132 18.757 0.021 11  0 A
2450455.73765 18.871 0.025 11  0 B
2450455.78522 18.691 0.024 11  0 B
2450456.60533 18.829 0.027 11  0 B
2450456.65507 18.879 0.033 11  0 D
2450456.72583 18.895 0.033 11  0 C
2450456.77326 18.819 0.024 11  0 A
2450456.82468 18.762 0.027 11  0 B
2450457.57301 18.810 0.029 11  0 A
2450457.61697 18.833 0.026 11  0 A
2450457.67560 18.811 0.028 11  0 A
2450457.73419 18.797 0.027 11  0 A
2450457.79283 18.846 0.029 11  0 A
2450458.64941 18.736 0.025 11  0 B
2450458.71848 18.806 0.034 11  0 C
2450459.56662 18.773 0.031 11  0 B
2450459.61279 18.818 0.031 11  0 B
2450459.67136 18.783 0.025 11  0 A
2450459.73078 18.909 0.028 11  0 B
2450459.77465 18.850 0.030 11  0 B
2450459.81846 18.814 0.027 11  0 B
2450461.57751 18.774 0.027 11  0 A
2450461.62130 18.832 0.027 11  0 A
2450461.67997 18.965 0.030 11 40 A
2450461.74610 18.802 0.024 11  0 A
2450461.80811 18.816 0.032 11  0 D
2450462.57805 18.833 0.025 11  0 A
2450462.63669 18.870 0.026 11  0 A
2450462.68266 18.779 0.024 11  0 A
2450465.68152 18.827 0.043 11  0 E
2450465.72920 18.721 0.033 11  0 D
2450465.81398 18.796 0.028 11  0 A
2450466.66522 18.789 0.030 11  0 B
2450466.73175 18.833 0.028 11  0 B
2450466.81675 18.864 0.033 11  0 C
2450467.66890 18.841 0.029 11  0 A
2450467.77348 18.801 0.027 11  0 A
2450467.83945 18.914 0.038 11  0 B
2450468.67981 18.943 0.037 11  0 B
2450468.74575 18.881 0.031 11  0 B
2450468.80436 18.779 0.025 11  0 A
2450468.84093 18.770 0.024 11  0 B
2450469.67649 18.850 0.037 11  0 B
2450469.75458 18.801 0.032 11  0 A
2450469.81349 18.685 0.032 11  0 B
2450470.75121 18.862 0.038 11  0 D
2450471.66228 18.867 0.032 11  0 B
2450471.79907 18.838 0.036 11  0 A
2450472.63695 18.785 0.028 11  0 A
2450472.68074 18.734 0.026 11  0 A
2450472.72454 18.903 0.041 11  0 B
2450472.79048 18.692 0.034 11  0 B
2450474.71646 18.853 0.035 11  0 B
2450475.55082 18.840 0.034 11 40 C
2450475.60962 18.781 0.030 11  0 B
2450475.67574 18.970 0.044 11  0 C
2450475.72787 18.751 0.038 11  0 C
2450476.76188 18.702 0.032 11  0 C
2450477.54758 18.841 0.028 11  0 A
2450477.59887 18.876 0.028 11  0 A
2450477.74635 18.745 0.026 11  0 A
2450477.82721 18.875 0.037 11  0 B
2450478.55374 18.849 0.031 11 40 B
2450478.77412 18.795 0.028 11  0 A
2450478.83306 18.765 0.027 11  0 B
2450479.55255 18.822 0.029 11  0 C
2450479.59644 18.812 0.026 11  0 A
2450479.74478 18.758 0.029 11  0 A
2450479.83406 18.756 0.039 11  0 D
2450480.58861 18.770 0.030 11  0 C
2450480.66976 18.803 0.024 11  0 B
2450480.76334 18.839 0.029 11  0 B
2450480.80747 18.780 0.030 11  0 C
2450481.57378 18.685 0.028 11  0 B
2450481.72216 18.769 0.028 11  0 C
2450481.76614 18.762 0.032 11  0 D
2450481.81009 18.821 0.032 11  0 D
2450482.72302 18.771 0.028 11  0 B
2450482.80093 18.849 0.027 11  0 A
2450483.58929 18.807 0.032 11  0 D
2450483.63376 18.794 0.031 11  0 D
2450483.67760 18.809 0.030 11  0 C
2450483.72159 18.831 0.028 11  0 B
2450483.76551 18.876 0.034 11  0 C
2450483.80942 18.710 0.031 11  0 D
2450484.58797 18.840 0.032 11  0 B
2450484.69665 18.848 0.030 11  0 A
2450484.74100 18.897 0.031 11  0 B
2450484.78502 18.834 0.032 11  0 B
2450485.59161 18.798 0.028 11  0 B
2450485.73855 18.813 0.028 11  0 B
2450485.78266 18.969 0.034 11  0 C
2450486.58813 18.757 0.029 11  0 C
2450486.63370 18.786 0.027 11  0 B
2450486.73021 18.932 0.035 11  0 C
2450486.77539 18.776 0.028 11  0 B
2450487.61509 18.851 0.024 11  0 B
2450487.66335 18.828 0.027 11  0 B
2450487.71118 18.819 0.024 11  0 B
2450487.75528 18.751 0.026 11  0 B
2450487.79944 18.825 0.031 11  0 C
2450488.60057 18.779 0.025 11  0 B
2450488.64454 18.869 0.026 11  0 A
2450488.71339 18.785 0.028 11  0 B
2450488.75738 18.860 0.032 11  0 B
2450488.80146 18.850 0.034 11  0 C
2450489.57632 18.769 0.025 11  0 A
2450489.66531 18.741 0.023 11  0 A
2450489.70920 18.846 0.029 11  0 B
2450489.75315 18.853 0.028 11  0 A
2450490.56955 18.795 0.022 11  0 A
2450490.70674 18.840 0.028 11  0 A
2450490.75085 18.868 0.032 11  0 B
2450490.79485 18.769 0.026 11  0 A
2450491.59405 18.778 0.028 11 40 C
2450491.64587 18.875 0.031 11  0 C
2450491.69001 18.861 0.029 11  0 C
2450491.80343 18.795 0.033 11  0 C
2450492.57824 18.799 0.032 11  0 C
2450492.65256 18.882 0.032 11  0 C
2450493.58128 18.755 0.026 11  0 F
2450493.62576 18.762 0.029 11  0 B
2450494.57600 18.803 0.029 11  0 B
2450494.61993 18.835 0.028 11  0 B
2450494.66415 18.824 0.033 11  0 C
2450494.70848 18.879 0.032 11  0 B
2450494.75346 18.801 0.030 11  0 B
2450495.57881 18.947 0.045 11  0 C
2450495.65244 18.915 0.043 11  0 C
2450495.70592 18.966 0.048 11  0 E
2450496.57418 18.708 0.028 11  0 B
2450496.61897 18.813 0.036 11  0 C
2450496.66304 18.765 0.046 11  0 D
2450496.70795 18.832 0.048 11  0 E
2450498.57326 18.796 0.030 11  0 A
2450498.61730 18.798 0.026 11  0 A
2450498.73105 18.803 0.034 11  0 B
2450498.77498 18.777 0.034 11  0 B
2450499.56821 18.849 0.035 11  0 B
2450499.61392 18.859 0.033 11  0 A
2450499.75422 18.795 0.038 11  0 D
2450500.55203 18.857 0.057 11  0 E
2450500.61092 18.740 0.042 11  0 D
2450500.65582 18.823 0.037 11  0 B
2450501.57512 18.864 0.036 11  0 B
2450501.69385 18.859 0.047 11  0 C
2450507.56355 18.819 0.025 11  0 C
2450507.60872 18.742 0.038 11  0 E
2450507.68054 18.732 0.047 11  0 F
2450509.55938 18.854 0.035 11  0 C
2450509.60647 18.734 0.031 11  0 B
2450509.65880 18.843 0.038 11  0 C
2450510.60104 18.782 0.031 11  0 C
2450510.64660 18.774 0.036 11  0 D
2450510.69417 18.668 0.033 11  0 D
2450512.59316 18.794 0.027 11  0 B
2450512.64147 18.997 0.062 11  0 F
2450513.57344 18.820 0.028 11  0 B
2450513.61901 18.793 0.029 11  0 B
2450514.58168 18.906 0.030 11  0 A
2450515.57584 18.912 0.029 11  0 A
2450515.63057 18.790 0.029 11 40 A
2450515.67882 18.810 0.029 11  0 A
2450516.58214 18.861 0.042 11  0 D
2450516.63635 18.728 0.033 11  0 B
2450517.58014 18.827 0.035 11  0 B
2450517.62997 18.835 0.036 11  0 C
2450517.67996 18.865 0.037 11  0 C
2450517.72610 18.837 0.038 11  0 C
2450518.61748 18.719 0.031 11  0 B
2450518.66273 18.711 0.034 11  0 C
2450518.71180 18.862 0.045 11  0 C
2450519.57809 18.791 0.030 11  0 B
2450519.62473 18.907 0.037 11  0 D
2450519.70715 18.789 0.037 11  0 C
2450521.57441 18.786 0.036 11  0 E
2450521.61952 18.783 0.036 11  0 E
2450521.68230 18.777 0.047 11  0 F
2450523.58360 18.787 0.032 11  0 D
2450523.63628 18.833 0.033 11  0 C
2450523.68617 18.784 0.036 11  0 D
2450524.57597 18.912 0.046 11  0 D
2450524.62599 18.801 0.046 11  0 E
2450527.68823 18.768 0.040 11  0 D
2450530.57836 18.787 0.049 11  0 E
2450531.57578 19.011 0.053 11  0 D
2450532.56524 18.709 0.038 11 40 D
2450533.58247 18.842 0.041 11  0 E
2450534.57168 18.727 0.054 11  0 F
2450534.61580 18.726 0.039 11  0 D
2450534.66756 18.807 0.053 11 40 E
2450535.55627 18.726 0.030 11  0 C
2450535.61657 18.701 0.035 11  0 D
2450536.53543 18.767 0.029 11  0 C
2450537.53000 18.850 0.032 11  0 C
2450537.67705 18.796 0.055 11  0 F
2450538.51799 18.842 0.041 11  0 E
2450539.52663 18.803 0.033 11  0 D
2450539.63774 18.878 0.034 11  0 B
2450539.68181 18.901 0.034 11  0 C
2450541.53702 18.866 0.030 11  0 C
2450542.52611 18.698 0.027 11 40 B
2450542.62546 18.785 0.036 11  0 C
2450542.66961 18.923 0.041 11  0 D
2450543.56433 18.756 0.027 11  0 B
2450544.51712 18.718 0.029 11  0 C
2450544.56140 18.759 0.033 11  0 C
2450544.65089 18.819 0.034 11  0 C
2450551.50686 18.877 0.030 11  0 B
2450552.51831 18.784 0.033 11  0 B
2450553.52361 18.838 0.043 11  0 A
2450554.50037 18.849 0.047 11  0 B
2450554.58583 18.713 0.051 11  0 D
2450555.50668 18.839 0.060 11  0 E
2450559.53787 18.782 0.047 11  0 B
2450560.51588 18.776 0.054 11  0 B
2450561.51593 18.786 0.050 11  0 B
2450562.51748 18.835 0.054 11  0 C
2450564.51866 18.757 0.044 11  0 C
2450565.52447 18.748 0.045 11  0 B
2450566.51845 18.791 0.036 11  0 A
2450567.51950 18.753 0.033 11  0 A
2450569.51456 18.906 0.049 11 40 D
2450571.50039 18.836 0.043 11  0 A
2450572.53042 18.801 0.047 11  0 A
2450574.49224 18.819 0.043 11  0 C
2450575.49083 18.838 0.054 11  0 D
2450577.49981 18.835 0.047 11  0 B
2450578.51333 18.874 0.042 11  0 A
2450582.49551 18.774 0.057 11  0 D
2450583.49826 18.823 0.041 11  0 A
2450672.88371 18.737 0.032 11  0 B
2450689.86770 18.837 0.044 11  0 C
2450699.86891 18.818 0.039 11  0 C
2450701.83450 18.915 0.059 11  0 D
2450704.87701 18.863 0.045 11  0 E
2450706.85844 18.888 0.052 11  0 D
2450714.82589 18.835 0.034 11  0 B
2450716.79048 18.817 0.037 11  0 C
2450720.84682 18.858 0.045 11  0 C
2450728.78564 18.790 0.035 11  0 A
2450729.78567 18.912 0.041 11  0 D
2450730.74122 18.806 0.039 11  0 C
2450733.83222 18.863 0.059 11  0 F
2450741.83546 18.779 0.038 11  0 B
2450745.79031 18.841 0.044 11  0 B
2450747.83869 18.777 0.040 11  0 B
2450753.79257 18.843 0.047 11  0 D
2450759.82710 18.771 0.038 11  0 B
2450766.80127 18.820 0.057 11  0 C
2450772.82036 18.699 0.035 11  0 B
2450775.80210 18.798 0.033 11  0 A
2450779.82075 18.864 0.039 11  0 D
2450787.79714 18.872 0.040 11  0 C
2450789.78117 18.841 0.039 11  0 B
2450790.79163 18.902 0.047 11  0 E
2450795.74927 18.846 0.038 11  0 A
2450797.74892 18.818 0.037 11  0 A
2450798.72088 18.783 0.035 11  0 A
2450805.80578 18.789 0.054 11  0 D
2450816.77680 18.854 0.040 11  0 A
2450817.69602 18.794 0.033 11  0 A
2450819.79571 18.780 0.036 11  0 C
2450822.80991 18.778 0.031 11  0 B
2450824.83921 18.843 0.043 11  0 A
2450826.66264 18.774 0.040 11  0 A
2450829.73327 18.823 0.049 11  0 D
2450832.68948 18.807 0.038 11  0 A
2450836.78831 18.777 0.050 11  0 C
2450840.66767 18.828 0.049 11  0 D
2450843.66813 18.901 0.037 11  0 B
2450850.64171 18.788 0.042 11  0 C
2450854.67951 18.846 0.048 11  0 B
2450856.61277 18.851 0.052 11  0 C
2450858.58533 18.815 0.039 11  0 B
2450875.56067 18.965 0.045 11  0 C
2450880.54624 18.749 0.036 11  0 B
2450887.55954 18.832 0.052 11  0 C
2450892.68782 18.715 0.039 11  0 B
2450895.53396 18.855 0.059 11  0 C
2450898.54080 18.799 0.033 11  0 A
2450922.60815 18.686 0.045 11  0 D
2450928.53413 18.811 0.057 11  0 D
2450933.56579 18.680 0.039 11  0 C
2450952.49925 18.849 0.045 11  0 A
2451045.89384 18.820 0.045 11  0 C
2451051.87410 18.836 0.047 11  0 D
2451052.90930 18.822 0.043 11  0 C
2451053.88952 18.867 0.036 11  0 B
2451054.90522 18.823 0.039 11  0 C
2451055.87770 18.879 0.055 11  0 E
2451059.89046 18.917 0.054 11  0 D
2451061.90023 18.689 0.046 11  0 D
2451068.89830 18.729 0.032 11  0 A
2451076.86962 18.816 0.042 11  0 B
2451081.87273 18.744 0.042 11  0 D
2451087.81979 18.852 0.043 11  0 C
2451091.82231 18.780 0.051 11  0 C
2451102.80472 18.821 0.026 11  0 B
2451106.85976 18.785 0.035 11  0 B
2451107.78753 18.783 0.037 11  0 B
2451113.80031 18.839 0.037 11  0 C
2451119.80504 18.876 0.044 11  0 B
2451126.86109 18.819 0.043 11  0 B
2451131.69886 18.823 0.051 11  0 E
2451132.75086 18.792 0.035 11  0 B
2451136.78416 18.877 0.040 11  0 A
2451138.80828 18.790 0.036 11  0 A
2451142.67531 18.904 0.034 11  0 C
2451144.74422 18.894 0.036 11  0 B
2451151.77006 18.848 0.041 11  0 A
2451155.76936 18.823 0.038 11  0 A
2451158.76690 18.859 0.042 11  0 B
2451161.74482 18.757 0.030 11  0 A
2451165.76556 18.806 0.037 11  0 B
2451169.76043 18.845 0.044 11  0 C
2451174.73427 18.827 0.037 11  0 D
2451179.75108 18.782 0.046 11  0 A
2451181.82314 18.761 0.044 11  0 A
2451186.77756 18.896 0.038 11  0 B
2451187.83883 18.856 0.038 11  0 A
2451189.84764 18.823 0.039 11  0 B
2451196.71758 18.818 0.045 11  0 D
2451201.72640 18.734 0.040 11  0 D
2451203.74627 18.775 0.039 11  0 B
2451211.64093 18.816 0.042 11  0 A
2451214.64181 18.808 0.046 11  0 B
2451217.61669 18.812 0.031 11  0 A
2451220.62152 18.793 0.037 11  0 A
2451223.64775 18.804 0.039 11  0 B
2451225.58868 18.839 0.033 11  0 A
2451227.66919 18.909 0.043 11  0 E
2451231.56510 18.775 0.044 11  0 C
2451234.61334 18.747 0.041 11  0 B
2451240.57329 18.809 0.043 11  0 A
2451242.67500 18.872 0.053 11  0 B
2451244.62460 18.797 0.041 11  0 B
2451247.55517 18.775 0.045 11  0 C
2451260.56538 18.799 0.040 11  0 A
2451265.54035 18.757 0.040 11  0 A
2451277.52252 18.747 0.044 11  0 B
2451281.56629 18.801 0.053 11  0 B
2451288.52079 18.700 0.049 11  0 B
2451290.58819 18.796 0.048 11  0 A
2451296.52554 18.843 0.053 11  0 B
2451301.50519 18.783 0.053 11  0 B
2451305.55099 18.941 0.052 11  0 C
2451308.48050 18.822 0.046 11  0 B
2451313.52700 18.907 0.062 11  0 C
2451316.51886 18.955 0.031 11  0 D
2451319.49513 18.780 0.044 11 40 A
2451412.85348 18.842 0.047 11  0 D
2451418.85071 18.844 0.050 11  0 C
2451430.90523 18.713 0.036 11  0 B
2451432.83905 18.784 0.050 11  0 E
2451437.79897 18.812 0.050 11  0 E
2451440.84661 18.902 0.051 11  0 D
2451451.86850 18.801 0.046 11  0 C
2451455.84731 18.819 0.062 11  0 F
2451459.78597 18.816 0.052 11  0 E
2451462.79025 18.862 0.048 11  0 E
2451470.85062 18.781 0.036 11  0 A
2451475.76324 18.758 0.038 11  0 A
2451478.71861 18.838 0.060 11  0 E
2451481.69228 18.765 0.046 11  0 E
2451487.72167 18.872 0.041 11  0 B
2451490.71850 18.816 0.051 11  0 D
2451492.71162 18.773 0.041 11  0 B
2451495.71012 18.835 0.038 11  0 C
2451499.66790 18.853 0.061 11  0 D
2451502.66313 18.908 0.053 11  0 C
2451505.70373 18.789 0.045 11  0 A
2451507.83719 18.745 0.042 11  0 A
2451510.81316 18.736 0.038 11  0 A
2451512.70994 18.793 0.048 11  0 E
2451514.82102 18.775 0.044 11  0 D
2451517.65650 18.860 0.041 11  0 C
2451519.73013 18.822 0.038 11  0 A
2451521.66588 18.837 0.040 11  0 A
2451523.78664 18.720 0.046 11  0 C
2451525.78099 18.866 0.037 11  0 B
2451527.70995 18.845 0.036 11  0 A
2451528.75630 18.768 0.035 11  0 B
2451529.77739 18.723 0.032 11  0 A
2451531.77051 18.788 0.039 11  0 B
2451538.72704 18.772 0.040 11  0 A
2451541.68314 18.816 0.032 11  0 A
2451542.71301 18.821 0.040 11  0 A
2451544.63903 18.769 0.034 11  0 A
2451547.76597 18.771 0.033 11  0 A
2451548.74356 18.889 0.038 11  0 A
2451549.73782 18.740 0.031 11  0 A
2451552.60255 18.835 0.036 11  0 B
2451554.72904 18.791 0.031 11  0 A
2451555.73575 18.825 0.035 11  0 A
2451562.73870 18.810 0.058 11  0 D
2451564.61726 18.731 0.050 11  0 C
2451567.70986 18.939 0.054 11  0 C
2451570.61521 18.852 0.041 11  0 B
2451574.75714 18.819 0.034 11  0 A
2451577.70681 18.852 0.040 11  0 B
2451580.74288 18.745 0.040 11  0 A
2451583.62825 18.823 0.039 11  0 B
2451585.75013 18.803 0.040 11  0 A
2451589.63307 18.744 0.039 11  0 A
2451592.62485 18.756 0.036 11  0 A
2451595.67076 18.847 0.049 11  0 B
2451599.61239 18.779 0.036 11  0 B
2451601.68842 18.852 0.053 11  0 C
2451604.56997 18.888 0.052 11  0 D
2451606.60483 18.739 0.040 11  0 C
2451609.64619 18.871 0.044 11  0 B
2451610.63131 18.696 0.040 11  0 B
2451613.52234 18.804 0.046 11  0 C
2451615.55431 18.747 0.046 11  0 D
2451617.62566 18.705 0.036 11  0 A
2451619.60933 18.758 0.048 11  0 C
2451620.56050 18.842 0.054 11  0 C
2451622.51066 18.740 0.050 11  0 B
2451624.50722 18.844 0.056 11  0 C
2451626.50805 18.656 0.042 11  0 C
2451627.62915 18.774 0.055 11  0 E
2451629.50818 18.746 0.043 11  0 B
2451630.58958 18.833 0.042 11  0 B
2451632.52613 18.750 0.046 11  0 B
2451634.50385 18.799 0.043 11  0 B
2451643.49579 18.835 0.045 11  0 B
2451654.53318 18.914 0.057 11  0 B
2451656.51939 18.752 0.043 11  0 B
2451659.52687 18.968 0.062 11  0 B
2451661.55083 18.798 0.043 11  0 B
2451663.57644 18.740 0.036 11  0 A
2451670.53946 18.798 0.053 11  0 C
2451691.52775 18.817 0.050 11  0 B
2451769.87138 18.790 0.046 11  0 C
2451772.87805 18.750 0.039 11  0 B
2451775.87912 18.802 0.040 11  0 B
2451784.86374 18.750 0.048 11  0 C
2451789.85242 18.749 0.028 11  0 A
2451804.80205 18.872 0.044 11  0 D
2451808.88260 18.937 0.050 11  0 D
2451812.79714 18.843 0.037 11  0 A
2451816.80849 18.820 0.035 11  0 B
2451821.79907 18.783 0.034 11  0 B
2451823.84119 18.805 0.029 11  0 A
2451826.82427 18.756 0.048 11  0 C
2451829.79795 18.782 0.050 11  0 B
2451830.81124 18.752 0.048 11  0 B
2451834.85023 18.640 0.041 11  0 C
2451845.84767 18.819 0.031 11  0 A
2451851.84505 18.740 0.047 11  0 F
2451859.78737 18.668 0.035 11  0 A
2451861.80456 18.786 0.040 11  0 B
2451864.78202 18.777 0.037 11  0 A
2451865.76221 18.890 0.039 11  0 B
2451867.81599 18.900 0.037 11  0 A
2451868.80156 18.832 0.031 11  0 A
2451870.73487 18.877 0.034 11  0 B
2451871.81885 18.829 0.031 11  0 A
2451873.77843 18.768 0.034 11  0 A
