2450455.67070 20.699 0.117 11  0 A
2450455.74494 20.819 0.154 11  0 B
2450455.79250 21.159 0.219 11  0 B
2450456.61261 20.587 0.113 11  0 A
2450456.66234 20.701 0.257 11  0 F
2450456.69512 20.460 0.145 11  0 C
2450456.73313 20.731 0.148 11  0 A
2450456.78053 20.615 0.118 11  0 A
2450456.83196 20.379 0.109 11  0 A
2450457.58030 20.706 0.137 11  0 A
2450457.62425 20.532 0.121 11  0 A
2450457.68287 20.609 0.130 11  0 A
2450457.74147 20.658 0.158 11  0 A
2450457.80011 20.877 0.181 11  0 A
2450457.82960 20.312 0.121 11  0 A
2450458.65668 20.633 0.153 11  0 B
2450458.72575 20.885 0.215 11  0 C
2450459.57390 20.612 0.152 11  0 A
2450459.62006 20.794 0.164 11  0 A
2450459.67864 20.508 0.130 11  0 A
2450459.73807 20.423 0.119 11  0 B
2450459.78193 20.456 0.135 11  0 B
2450459.82574 20.384 0.119 11  0 B
2450461.58482 20.866 0.168 11  0 B
2450461.62856 21.267 0.249 11  0 A
2450461.68725 20.979 0.180 11  0 C
2450461.75340 20.917 0.166 11  0 A
2450461.81540 20.682 0.192 11  0 C
2450462.58534 20.619 0.121 11  0 A
2450462.64396 20.782 0.131 11  0 A
2450462.68993 21.045 0.214 11  0 A
2450465.69201 20.509 0.154 11  0 C
2450465.73648 20.749 0.215 11  0 C
2450465.82123 20.785 0.168 11  0 A
2450466.67250 20.473 0.140 11  0 D
2450466.73906 20.920 0.176 11  0 B
2450466.82404 20.609 0.156 11  0 B
2450467.67617 20.877 0.180 11  0 A
2450467.78077 20.408 0.110 11  0 A
2450467.84670 20.582 0.191 11  0 D
2450468.68707 20.432 0.135 11  0 B
2450468.75301 21.467 0.328 11  0 B
2450468.81163 21.047 0.201 11  0 B
2450468.83365 20.473 0.110 11  0 B
2450469.68376 20.319 0.127 11  0 B
2450469.76188 20.750 0.192 11  0 A
2450469.83083 21.614 0.554 11  0 C
2450470.76247 20.416 0.204 11  0 E
2450470.80956 20.156 0.156 11  0 D
2450471.66958 20.453 0.135 11  0 A
2450471.80636 20.487 0.194 11  0 E
2450472.64423 20.731 0.155 11  0 A
2450472.68801 20.825 0.164 11  0 A
2450472.73180 20.789 0.204 11  0 A
2450472.79772 20.595 0.214 11  0 B
2450472.82723 20.210 0.166 11  0 B
2450474.72375 20.633 0.187 11  0 C
2450475.55811 20.869 0.192 11  0 C
2450475.61689 20.754 0.198 11  0 C
2450475.68299 20.751 0.241 11  0 D
2450475.73514 20.611 0.217 11  0 C
2450476.76915 20.563 0.206 11  0 D
2450477.55484 21.069 0.190 11  0 A
2450477.60617 21.123 0.198 11  0 A
2450477.75362 21.008 0.209 11  0 A
2450477.83446 20.337 0.138 11  0 B
2450478.56100 20.589 0.132 11  0 A
2450478.78140 20.514 0.131 11  0 A
2450478.84033 21.063 0.237 11  0 B
2450479.55982 21.003 0.230 11  0 C
2450479.60369 21.344 0.245 11  0 A
2450479.73747 20.283 0.139 11  0 B
2450479.84129 20.598 0.213 11  0 D
2450480.59589 20.802 0.203 11  0 C
2450480.67703 20.736 0.150 11  0 B
2450480.77062 20.713 0.160 11  0 B
2450480.81473 20.944 0.236 11  0 C
2450481.58107 20.818 0.177 11  0 B
2450481.72945 20.873 0.198 11  0 B
2450481.77342 20.419 0.137 11  0 C
2450481.81737 20.651 0.187 11  0 D
2450482.73030 20.675 0.156 11  0 B
2450482.80820 20.527 0.134 11  0 B
2450483.59656 20.333 0.165 11  0 E
2450483.64101 20.891 0.203 11  0 C
2450483.68489 20.608 0.138 11  0 B
2450483.72886 20.518 0.141 11  0 C
2450483.77277 20.572 0.149 11  0 C
2450483.81670 20.519 0.192 11  0 E
2450484.59524 20.779 0.207 11  0 B
2450484.70391 20.462 0.136 11  0 B
2450484.74827 20.596 0.137 11  0 B
2450484.79229 20.797 0.194 11  0 B
2450485.59888 20.811 0.178 11  0 C
2450485.74582 20.482 0.136 11  0 B
2450485.78994 21.355 0.306 11  0 C
2450486.59541 20.612 0.172 11  0 D
2450486.68175 20.548 0.140 11  0 E
2450486.73747 20.702 0.179 11  0 C
2450486.78265 20.797 0.185 11  0 B
2450487.62237 20.399 0.105 11  0 B
2450487.67062 20.699 0.130 11  0 A
2450487.71844 21.001 0.179 11  0 B
2450487.76254 20.941 0.192 11  0 B
2450487.80673 20.884 0.177 11  0 C
2450488.60789 20.476 0.120 11  0 B
2450488.65179 20.825 0.154 11  0 A
2450488.72067 20.947 0.224 11  0 C
2450488.76466 20.688 0.180 11  0 C
2450488.80873 20.708 0.209 11  0 D
2450489.58358 20.506 0.117 11  0 B
2450489.67258 20.463 0.106 11  0 A
2450489.71648 20.733 0.148 11  0 A
2450489.76042 21.122 0.249 11  0 B
2450490.57683 20.754 0.126 11  0 A
2450490.71399 20.255 0.104 11 40 A
2450490.75811 20.882 0.197 11  0 A
2450490.80210 20.487 0.124 11  0 B
2450491.60133 20.571 0.150 11  0 C
2450491.65315 20.395 0.124 11  0 C
2450491.69728 20.975 0.234 11  0 C
2450491.81070 20.913 0.232 11  0 C
2450492.58551 20.450 0.137 11  0 C
2450492.65984 20.555 0.163 11  0 E
2450493.58855 20.730 0.170 11  0 B
2450493.63302 20.534 0.135 11  0 A
2450494.58328 20.638 0.148 11  0 B
2450494.62721 20.794 0.194 11  0 B
2450494.67140 22.180 0.714 11  0 C
2450494.71573 22.250 0.769 11  0 B
2450494.76071 20.285 0.112 11  0 B
2450495.58607 20.425 0.151 11  0 C
2450495.65970 21.647 0.530 11  0 C
2450495.71319 20.746 0.297 11  0 E
2450496.58144 20.540 0.174 11  0 B
2450496.62622 20.210 0.127 11 40 B
2450496.67031 20.713 0.255 11  0 E
2450496.71523 20.192 0.196 11  0 E
2450498.58053 20.369 0.128 11  0 A
2450498.62456 21.426 0.304 11  0 A
2450498.73830 20.187 0.124 11  0 A
2450498.78227 20.633 0.194 11  0 B
2450499.57549 20.470 0.145 11  0 B
2450499.62118 20.738 0.161 11  0 A
2450499.76148 20.168 0.129 11  0 C
2450500.54471 20.456 0.185 11  0 C
2450500.66312 20.501 0.184 11  0 C
2450500.71423 21.104 0.331 11  0 B
2450500.75868 20.678 0.252 11  0 C
2450501.58237 21.760 0.670 11 40 C
2450501.70112 21.657 0.624 11  0 B
2450507.57080 20.751 0.163 11  0 B
2450507.61598 20.668 0.191 11  0 E
2450509.56665 21.089 0.261 11  0 B
2450509.61378 20.437 0.153 11  0 B
2450509.66611 20.334 0.159 11  0 C
2450510.60828 20.739 0.202 11  0 C
2450510.65385 21.503 0.450 11  0 D
2450510.70143 20.805 0.299 11  0 E
2450511.69374 22.503 2.018 11  0 F
2450512.60042 20.710 0.181 11  0 D
2450512.64872 21.173 0.403 11  0 F
2450512.72305 20.895 0.207 11  0 C
2450513.58073 21.154 0.253 11  0 E
2450513.62629 20.852 0.166 11  0 A
2450513.71800 20.772 0.162 11  0 A
2450514.58895 21.014 0.188 11  0 A
2450514.65803 21.289 0.336 11  0 C
2450514.70837 20.468 0.146 11  0 B
2450514.75523 20.926 0.190 11  0 B
2450515.58310 20.743 0.156 11  0 A
2450515.63784 20.581 0.145 11  0 A
2450515.68608 20.501 0.152 11  0 B
2450516.58941 21.214 0.370 11  0 D
2450516.64360 20.226 0.128 11  0 C
2450516.69058 20.261 0.120 11  0 B
2450516.73707 21.291 0.356 11  0 C
2450517.58739 20.925 0.248 11  0 C
2450517.63723 20.293 0.135 11  0 B
2450517.68721 20.678 0.208 11  0 C
2450517.73335 21.282 0.353 11  0 C
2450518.62474 21.408 0.362 11  0 B
2450518.66998 20.246 0.137 11  0 C
2450518.71907 20.708 0.239 11  0 C
2450519.58535 20.517 0.118 11  0 B
2450519.63200 20.697 0.189 11  0 D
2450519.71440 20.662 0.201 11  0 C
2450520.72616 20.445 0.171 11  0 D
2450521.58168 21.024 0.277 11  0 C
2450521.62678 20.328 0.170 11  0 E
2450521.68957 20.966 0.318 11  0 E
2450523.59091 20.967 0.276 11  0 E
2450523.64372 20.261 0.129 11  0 C
2450523.69362 20.525 0.195 11  0 F
2450524.58334 20.981 0.274 11  0 C
2450524.63331 20.564 0.223 11  0 E
2450526.57031 20.682 0.267 11  0 F
2450527.69548 21.465 0.550 11  0 D
2450530.58562 20.439 0.253 11  0 F
2450531.58303 20.684 0.253 11  0 D
2450532.57251 20.894 0.313 11  0 D
2450533.58974 21.384 0.450 11  0 E
2450534.57897 21.252 0.411 11  0 D
2450534.62305 21.583 0.600 11  0 E
2450534.67482 20.414 0.220 11  0 F
2450535.56353 20.810 0.197 11  0 C
2450535.62383 21.355 0.376 11  0 D
2450536.54269 20.772 0.222 11  0 D
2450536.58786 20.756 0.229 11  0 D
2450536.63840 20.497 0.227 11  0 E
2450537.53728 21.124 0.230 11  0 C
2450537.63748 21.247 0.326 11  0 C
2450538.52526 20.501 0.190 11  0 D
2450538.57700 20.812 0.200 11  0 D
2450539.53390 20.922 0.255 11  0 B
2450539.64498 20.631 0.162 11  0 B
2450540.65071 21.334 0.379 11  0 C
2450541.54427 20.679 0.160 11  0 C
2450541.60129 20.861 0.196 11  0 C
2450542.53337 20.499 0.133 11  0 B
2450542.58524 20.844 0.185 11  0 C
2450542.63271 20.778 0.176 11  0 C
2450543.57160 20.859 0.189 11  0 B
2450543.61565 20.641 0.178 11  0 B
2450543.65270 20.172 0.113 11  0 B
2450544.52436 20.837 0.189 11  0 C
2450544.56867 21.691 0.423 11  0 C
2450544.61294 20.601 0.175 11  0 E
2450544.65818 21.351 0.365 11  0 C
2450551.51410 20.607 0.139 11  0 B
2450552.52556 20.898 0.231 11  0 B
2450553.53092 21.397 0.437 11  0 A
2450554.50762 20.469 0.192 11  0 B
2450557.61453 21.027 0.404 11  0 D
2450559.54514 20.768 0.268 11  0 C
2450561.52318 21.073 0.378 11  0 A
2450562.52474 20.691 0.295 11  0 D
2450564.52594 20.518 0.232 11  0 E
2450565.53172 20.711 0.252 11  0 A
2450566.52570 20.426 0.163 11  0 A
2450567.52679 20.558 0.164 11  0 A
2450569.52181 20.316 0.192 11  0 D
2450571.50767 20.336 0.168 11  0 A
2450572.53793 20.904 0.278 11  0 A
2450574.49985 21.015 0.276 11  0 A
2450577.50742 20.444 0.169 11  0 A
2450578.52096 20.633 0.199 11  0 C
2450582.50313 21.757 0.799 11  0 C
2450583.50588 20.852 0.272 11  0 B
2450672.89134 20.721 0.198 11  0 B
2450689.87533 21.055 0.278 11  0 C
2450699.87655 20.590 0.194 11  0 B
2450701.84216 20.455 0.255 11  0 D
2450704.88467 20.267 0.184 11  0 E
2450706.86608 20.486 0.227 11  0 C
2450714.84193 20.695 0.186 11  0 B
2450716.79813 20.586 0.172 11  0 C
2450720.85446 21.125 0.342 11  0 D
2450728.79329 20.761 0.172 11  0 A
2450729.79333 20.588 0.212 11  0 C
2450730.74887 20.715 0.187 11  0 C
2450741.84310 20.735 0.217 11  0 B
2450745.79796 20.846 0.225 11  0 B
2450747.84633 20.747 0.218 11  0 B
2450753.80020 20.829 0.294 11  0 C
2450759.83476 20.586 0.182 11  0 B
2450766.80888 20.530 0.279 11  0 D
2450772.82802 20.536 0.185 11  0 B
2450775.80973 20.576 0.161 11  0 A
2450779.82838 21.343 0.369 11  0 B
2450787.80477 20.182 0.122 11  0 A
2450789.78879 20.498 0.197 11  0 D
2450790.79926 20.509 0.207 11  0 C
2450795.75690 20.966 0.276 11  0 A
2450796.82879 20.381 0.167 11 40 A
2450797.75656 20.685 0.190 11  0 A
2450798.72854 20.881 0.202 11  0 A
2450805.81342 20.540 0.268 11  0 E
2450816.78444 20.357 0.146 11  0 A
2450817.70369 20.858 0.215 11  0 B
2450819.80335 19.622 0.116 11 40 D
2450822.81757 20.627 0.166 11  0 B
2450824.84681 20.768 0.230 11  0 A
2450826.67031 20.614 0.218 11  0 A
2450829.74089 20.368 0.202 11  0 C
2450832.69711 20.986 0.275 11  0 A
2450836.79593 20.973 0.353 11  0 B
2450840.67530 21.037 0.424 11  0 D
2450843.67574 21.020 0.277 11  0 B
2450850.64933 21.123 0.338 11 40 C
2450854.68716 20.868 0.309 11  0 B
2450856.62037 20.888 0.340 11  0 D
2450858.59293 20.862 0.273 11  0 B
2450875.56826 20.577 0.189 11  0 C
2450880.55382 20.677 0.200 11  0 B
2450887.56713 20.324 0.223 11  0 C
2450892.69545 21.018 0.321 11  0 B
2450895.54155 21.164 0.463 11  0 C
2450898.54844 20.964 0.215 11  0 A
2450922.61577 22.995 2.071 11  0 C
2450928.54173 21.345 0.586 11  0 D
2450933.57340 20.536 0.229 11  0 D
2450952.50690 20.188 0.148 11  0 A
2451045.90150 20.757 0.291 11  0 E
2451051.88172 20.883 0.287 11  0 C
2451052.91696 21.640 0.681 11  0 D
2451053.89719 20.749 0.199 11  0 C
2451054.91286 20.784 0.220 11  0 B
2451055.88535 20.400 0.223 11  0 F
2451059.89812 20.513 0.243 11  0 D
2451061.90788 20.444 0.255 11  0 D
2451069.85531 20.420 0.168 11  0 B
2451076.87725 20.669 0.225 11  0 B
2451087.82746 21.234 0.370 11  0 D
2451102.81237 20.829 0.149 11  0 B
2451106.86740 20.463 0.155 11  0 C
2451107.79518 20.859 0.244 11  0 C
2451113.80795 22.384 1.055 11 40 D
2451119.81267 20.635 0.222 11  0 A
2451128.82093 21.196 0.328 11  0 B
2451131.70649 21.440 0.643 11  0 E
2451132.75852 20.713 0.201 11  0 B
2451136.79183 20.987 0.254 11  0 A
2451138.81826 20.990 0.263 11  0 A
2451142.68295 21.469 0.322 11  0 A
2451144.75186 20.723 0.199 11  0 A
2451151.77772 21.190 0.329 11  0 A
2451155.77703 20.437 0.157 11  0 C
2451158.77452 20.542 0.185 11  0 B
2451161.75245 21.187 0.268 11  0 A
2451165.77318 20.567 0.165 11  0 B
2451169.76805 21.639 0.564 11  0 C
2451174.74188 20.621 0.165 11  0 D
2451179.75870 21.153 0.391 11  0 B
2451181.83079 21.118 0.391 11  0 B
2451186.78519 20.734 0.177 11  0 A
2451187.84645 21.404 0.352 11  0 A
2451192.69232 21.107 0.270 11  0 B
2451196.72521 21.567 0.638 11  0 E
2451201.73408 20.919 0.353 11  0 E
2451203.75389 20.166 0.126 11  0 B
2451207.61078 20.819 0.290 11  0 B
2451211.64854 20.530 0.185 11  0 A
2451214.64944 20.756 0.271 11  0 C
2451217.62428 20.621 0.213 11  0 D
2451220.62912 20.487 0.169 11  0 A
2451223.65535 20.935 0.269 11  0 B
2451225.59630 20.585 0.160 11  0 A
2451227.67679 21.016 0.386 11  0 F
2451231.57271 21.070 0.382 11  0 C
2451234.62094 20.568 0.224 11  0 C
2451240.58090 20.978 0.280 11  0 A
2451242.68260 20.323 0.208 11  0 C
2451244.63222 20.382 0.180 11 40 B
2451247.56281 20.539 0.242 11  0 D
2451260.57303 20.786 0.227 11  0 A
2451265.54796 20.770 0.236 11  0 A
2451274.52587 20.878 0.363 11  0 B
2451277.53015 20.829 0.291 11  0 B
2451281.55862 20.716 0.298 11  0 A
2451288.52838 20.560 0.259 11  0 B
2451290.59580 20.735 0.267 11  0 B
2451296.53314 20.775 0.331 11  0 B
2451305.55859 20.499 0.224 11  0 B
2451308.48811 20.317 0.176 11  0 A
2451316.52648 20.589 0.145 11  0 D
2451319.50277 21.054 0.311 11  0 A
2451335.47248 20.600 0.257 11  0 B
2451342.47130 21.834 0.823 11  0 C
2451412.86113 20.418 0.201 11  0 D
2451418.85835 20.858 0.287 11  0 C
2451430.91290 20.677 0.243 11  0 C
2451432.84672 20.817 0.341 11  0 E
2451437.80664 21.172 0.392 11  0 D
2451440.85429 20.609 0.269 11  0 C
2451451.87614 20.707 0.264 11  0 C
2451459.79363 20.736 0.249 11  0 C
2451462.79792 20.216 0.183 11  0 F
2451470.85826 20.471 0.177 11  0 A
2451475.77090 21.141 0.349 11  0 A
2451478.72627 21.289 0.464 11  0 D
2451481.69990 20.809 0.294 11  0 D
2451484.84935 20.334 0.153 11  0 A
2451487.74629 20.918 0.243 11  0 B
2451490.72615 20.546 0.224 11  0 B
2451492.71927 20.477 0.185 11  0 B
2451495.71775 20.401 0.166 11  0 B
2451499.67553 20.237 0.192 11  0 D
2451502.67079 20.409 0.212 11  0 B
2451505.71138 20.641 0.239 11  0 A
2451507.84481 20.627 0.220 11  0 B
2451510.82081 20.385 0.162 11  0 B
2451512.71758 20.398 0.235 11  0 D
2451514.82868 20.575 0.224 11  0 D
2451517.66413 20.593 0.216 11  0 C
2451519.73777 20.585 0.181 11  0 A
2451521.67351 20.619 0.198 11  0 B
2451523.79426 20.721 0.305 11  0 E
2451525.78864 20.588 0.160 11  0 A
2451527.71757 21.127 0.273 11  0 A
2451528.76394 20.710 0.210 11  0 B
2451529.78500 20.694 0.188 11  0 A
2451531.77815 22.123 0.864 11  0 D
2451538.73467 21.045 0.278 11  0 A
2451541.69077 20.785 0.152 11  0 A
2451542.72065 20.747 0.224 11  0 A
2451544.64667 20.485 0.167 11  0 A
2451547.77359 20.414 0.141 11  0 A
2451548.75119 20.970 0.240 11  0 A
2451549.74545 20.354 0.114 11  0 A
2451552.61020 20.341 0.133 11  0 B
2451554.73667 20.499 0.138 11  0 B
2451555.74336 20.317 0.125 11  0 A
2451562.74632 22.137 1.141 11  0 C
2451564.62492 20.595 0.249 11  0 C
2451567.71747 20.333 0.187 11  0 C
2451570.62281 20.782 0.223 11  0 B
2451574.74950 21.095 0.255 11  0 A
2451577.69918 19.686 0.080 11 40 B
2451580.73524 20.895 0.257 11  0 A
2451583.62061 20.453 0.165 11  0 B
2451586.62088 20.545 0.164 11  0 A
2451589.62543 20.677 0.243 11  0 B
2451592.61719 20.559 0.174 11 40 A
2451595.66309 20.539 0.220 11  0 B
2451599.60279 20.719 0.196 11  0 B
2451601.68077 21.610 0.652 11  0 C
2451604.56231 21.283 0.438 11 40 C
2451606.59717 20.287 0.188 11  0 C
2451609.63853 20.619 0.212 11  0 B
2451610.62366 20.699 0.214 11  0 B
2451613.51468 20.742 0.284 11  0 D
2451615.54663 20.379 0.171 11  0 B
2451617.61802 20.746 0.213 11  0 A
2451619.60165 20.629 0.278 11  0 B
2451624.49955 20.392 0.233 11  0 C
2451626.50040 20.646 0.297 11  0 E
2451629.50055 20.551 0.218 11  0 B
2451630.58194 20.614 0.215 11  0 A
2451632.51848 20.876 0.272 11  0 B
2451634.49620 20.276 0.149 11  0 B
2451643.48811 20.317 0.229 11  0 E
2451654.52555 20.801 0.358 11  0 C
2451656.51174 20.261 0.149 11  0 B
2451659.51920 21.305 0.560 11  0 C
2451661.54315 20.886 0.325 11  0 B
2451663.56842 20.331 0.163 11  0 A
2451670.53182 20.782 0.305 11  0 B
2451673.50229 22.804 2.350 11  0 D
2451691.52011 19.512 0.082 11  0 A
2451769.86375 20.617 0.236 11  0 D
2451772.87044 20.819 0.229 11  0 A
2451775.87152 20.396 0.182 11  0 A
2451784.85609 21.103 0.455 11  0 C
2451789.84481 20.577 0.130 11  0 A
2451804.79444 20.375 0.221 11  0 C
2451808.87500 20.319 0.201 11  0 D
2451812.78954 21.020 0.268 11  0 A
2451816.80090 20.821 0.209 11  0 B
2451821.79146 20.625 0.206 11  0 C
2451823.83357 20.643 0.181 11  0 B
2451826.81665 20.589 0.234 11  0 C
2451829.79031 21.168 0.442 11  0 B
2451830.80363 20.630 0.257 11  0 B
2451834.84260 20.316 0.200 11  0 C
2451845.84005 20.631 0.198 11  0 B
2451851.83742 20.936 0.375 11  0 E
2451859.77974 20.660 0.207 11  0 A
2451861.79695 20.657 0.196 11  0 B
2451864.77438 20.368 0.130 11  0 A
2451865.75460 20.973 0.225 11  0 A
2451867.80836 20.733 0.192 11  0 A
2451868.79395 20.719 0.166 11  0 A
2451870.72723 20.753 0.196 11  0 B
2451871.81124 20.930 0.197 11  0 A
2451873.77078 20.771 0.198 11  0 B
