2450455.67070 19.796 0.049 11  0 A
2450455.74494 19.911 0.064 11  0 B
2450455.79250 19.767 0.058 11  0 B
2450456.61261 19.769 0.053 11  0 A
2450456.66234 19.932 0.119 11  0 F
2450456.69512 19.866 0.079 11  0 C
2450456.73313 19.852 0.064 11  0 A
2450456.78053 19.746 0.052 11  0 A
2450456.83196 19.812 0.063 11  0 A
2450457.58030 19.911 0.067 11  0 A
2450457.62425 19.894 0.067 11  0 A
2450457.68287 19.628 0.052 11  0 A
2450457.74147 19.867 0.073 11  0 A
2450457.80011 19.897 0.072 11  0 A
2450457.82960 19.744 0.069 11  0 A
2450458.65668 19.854 0.070 11  0 B
2450458.72575 19.937 0.084 11  0 C
2450459.57390 19.634 0.064 11  0 A
2450459.62006 19.768 0.064 11  0 A
2450459.67864 19.860 0.070 11  0 A
2450459.73807 19.891 0.070 11  0 B
2450459.78193 19.923 0.080 11  0 B
2450459.82574 19.868 0.074 11  0 B
2450461.58482 19.770 0.063 11  0 B
2450461.62856 19.893 0.070 11  0 A
2450461.68725 19.877 0.064 11  0 C
2450461.75340 19.894 0.062 11  0 A
2450461.81540 19.995 0.099 11  0 C
2450462.58534 19.944 0.065 11  0 A
2450462.64396 19.988 0.063 11  0 A
2450462.68993 19.947 0.074 11  0 A
2450465.69201 20.128 0.104 11  0 C
2450465.73648 19.909 0.092 11  0 C
2450465.82123 19.913 0.074 11  0 A
2450466.67250 19.737 0.066 11  0 D
2450466.73906 19.790 0.061 11  0 B
2450466.82404 19.727 0.068 11  0 B
2450467.67617 19.750 0.065 11  0 A
2450467.78077 19.702 0.059 11  0 A
2450467.84670 19.721 0.087 11  0 D
2450468.68707 20.001 0.088 11  0 B
2450468.75301 19.739 0.064 11  0 B
2450468.81163 19.826 0.066 11  0 B
2450468.83365 19.735 0.058 11  0 B
2450469.68376 19.635 0.068 11  0 B
2450469.76188 19.644 0.069 11  0 A
2450469.83083 19.944 0.117 11  0 C
2450470.76247 19.977 0.130 11  0 E
2450470.80956 19.684 0.102 11  0 D
2450471.66958 20.023 0.094 11  0 A
2450471.80636 20.131 0.144 11  0 E
2450472.64423 19.805 0.067 11  0 A
2450472.68801 19.842 0.067 11  0 A
2450472.73180 19.725 0.074 11  0 A
2450472.79772 20.032 0.126 11  0 B
2450472.82723 19.762 0.117 11  0 B
2450474.72375 20.035 0.103 11  0 C
2450475.55811 19.863 0.075 11  0 C
2450475.61689 19.796 0.077 11  0 C
2450475.68299 19.884 0.101 11  0 D
2450475.73514 19.681 0.088 11  0 C
2450476.76915 20.040 0.121 11  0 D
2450477.55484 19.733 0.058 11  0 A
2450477.60617 19.695 0.054 11  0 A
2450477.75362 20.014 0.085 11  0 A
2450477.83446 19.673 0.077 11  0 B
2450478.56100 19.926 0.073 11  0 A
2450478.78140 19.887 0.074 11  0 A
2450478.84033 19.817 0.074 11  0 B
2450479.55982 19.745 0.071 11  0 C
2450479.60369 19.867 0.062 11  0 A
2450479.73747 19.904 0.099 11  0 B
2450479.84129 20.053 0.129 11  0 D
2450480.59589 19.774 0.076 11  0 C
2450480.67703 19.698 0.055 11  0 B
2450480.77062 19.744 0.063 11  0 B
2450480.81473 19.793 0.078 11  0 C
2450481.58107 19.883 0.074 11  0 B
2450481.72945 20.430 0.132 11 40 B
2450481.77342 19.661 0.067 11  0 C
2450481.81737 20.121 0.116 11  0 D
2450482.73030 19.783 0.066 11  0 B
2450482.80820 19.819 0.072 11  0 B
2450483.59656 20.264 0.141 11  0 E
2450483.64101 19.819 0.071 11  0 C
2450483.68489 19.737 0.058 11  0 B
2450483.72886 19.737 0.067 11  0 C
2450483.77277 19.669 0.063 11  0 C
2450483.81670 19.935 0.111 11  0 E
2450484.59524 19.913 0.089 11  0 B
2450484.70391 19.946 0.083 11  0 B
2450484.74827 19.904 0.070 11  0 B
2450484.79229 19.943 0.089 11  0 B
2450485.59888 19.798 0.065 11  0 C
2450485.74582 19.802 0.071 11  0 B
2450485.78994 19.827 0.073 11  0 C
2450486.59541 19.718 0.072 11  0 D
2450486.68175 19.786 0.067 11  0 E
2450486.73747 19.919 0.084 11  0 C
2450486.78265 19.949 0.083 11  0 B
2450487.62237 19.866 0.058 11  0 B
2450487.67062 19.720 0.050 11  0 A
2450487.71844 19.876 0.062 11  0 B
2450487.76254 19.973 0.077 11  0 B
2450487.80673 19.911 0.073 11  0 C
2450488.60789 19.834 0.063 11  0 B
2450488.65179 19.847 0.060 11  0 A
2450488.72067 19.950 0.084 11  0 C
2450488.76466 20.306 0.126 11  0 C
2450488.80873 19.643 0.080 11  0 D
2450489.58358 19.972 0.067 11  0 B
2450489.67258 19.943 0.065 11  0 A
2450489.71648 19.896 0.067 11  0 A
2450489.76042 19.745 0.068 11  0 B
2450490.57683 19.883 0.054 11  0 A
2450490.71399 19.746 0.064 11  0 A
2450490.75811 19.806 0.076 11  0 A
2450490.80210 19.717 0.063 11  0 B
2450491.60133 19.610 0.060 11  0 C
2450491.65315 19.794 0.069 11  0 C
2450491.69728 19.891 0.083 11  0 C
2450491.81070 19.911 0.091 11  0 C
2450492.58551 19.611 0.060 11  0 C
2450492.65984 19.968 0.087 11  0 E
2450493.58855 20.349 0.117 11  0 B
2450493.63302 19.797 0.067 11  0 A
2450494.58328 19.817 0.067 11  0 B
2450494.62721 20.004 0.089 11  0 B
2450494.67140 20.101 0.099 11  0 C
2450494.71573 19.900 0.086 11  0 B
2450494.76071 19.961 0.081 11  0 B
2450495.58607 19.827 0.082 11  0 C
2450495.65970 20.179 0.131 11  0 C
2450495.71319 19.973 0.141 11  0 E
2450496.58144 19.825 0.086 11  0 B
2450496.62622 19.722 0.077 11  0 B
2450496.67031 19.853 0.108 11  0 E
2450496.71523 19.532 0.104 11  0 E
2450498.58053 19.749 0.070 11  0 A
2450498.62456 19.770 0.065 11  0 A
2450498.73830 19.778 0.084 11  0 A
2450498.78227 19.715 0.081 11  0 B
2450499.57549 19.767 0.072 11  0 B
2450499.62118 19.831 0.067 11  0 A
2450499.76148 19.749 0.089 11  0 C
2450500.54471 19.602 0.082 11  0 C
2450500.61817 19.775 0.104 11  0 E
2450500.66312 19.628 0.078 11  0 C
2450500.71423 19.834 0.100 11  0 B
2450500.75868 20.002 0.135 11  0 C
2450501.58237 19.618 0.092 11  0 C
2450501.70112 19.996 0.133 11  0 B
2450507.57080 19.967 0.080 11  0 B
2450507.61598 19.883 0.090 11  0 E
2450507.68780 19.475 0.100 11  0 F
2450509.56665 19.798 0.077 11  0 B
2450509.61378 19.844 0.087 11  0 B
2450509.66611 19.937 0.110 11  0 C
2450510.60828 19.694 0.074 11  0 C
2450510.65385 19.899 0.100 11  0 D
2450510.70143 19.560 0.095 11  0 E
2450512.60042 19.904 0.086 11  0 D
2450512.64872 20.332 0.180 11  0 F
2450512.72305 19.830 0.079 11  0 C
2450513.58073 19.715 0.066 11  0 E
2450513.62629 19.778 0.062 11  0 A
2450513.71800 19.820 0.070 11  0 A
2450514.58895 19.830 0.062 11  0 A
2450514.65803 19.798 0.082 11  0 C
2450514.70837 20.141 0.104 11  0 B
2450514.75523 19.830 0.071 11  0 B
2450515.58310 19.761 0.062 11  0 A
2450515.63784 19.858 0.073 11  0 A
2450515.68608 20.046 0.098 11  0 B
2450516.58941 19.748 0.091 11  0 D
2450516.64360 19.699 0.076 11  0 C
2450516.69058 19.888 0.085 11  0 B
2450516.73707 19.771 0.093 11  0 C
2450517.58739 20.116 0.113 11  0 C
2450517.63723 19.929 0.094 11  0 B
2450517.68721 20.089 0.122 11  0 C
2450517.73335 19.696 0.084 11  0 C
2450518.62474 19.919 0.093 11  0 B
2450518.66998 19.727 0.087 11  0 C
2450518.71907 19.960 0.121 11  0 C
2450519.58535 19.724 0.057 11  0 B
2450519.63200 19.900 0.089 11  0 D
2450519.71440 19.855 0.098 11  0 C
2450520.72616 19.754 0.089 11  0 D
2450521.58168 19.811 0.087 11  0 C
2450521.62678 19.773 0.097 11  0 E
2450521.68957 19.969 0.126 11  0 E
2450523.59091 20.238 0.134 11  0 E
2450523.64372 19.834 0.083 11  0 C
2450523.69362 19.798 0.099 11  0 F
2450524.58334 19.840 0.093 11  0 C
2450524.63331 20.132 0.146 11 40 E
2450526.57031 20.214 0.166 11  0 F
2450527.69548 19.988 0.138 11  0 D
2450530.58562 19.554 0.112 11  0 F
2450531.58303 20.011 0.133 11  0 D
2450532.57251 20.074 0.144 11 40 D
2450533.58974 19.765 0.099 11  0 E
2450534.57897 19.842 0.108 11  0 D
2450534.62305 19.782 0.108 11  0 E
2450534.67482 19.903 0.135 11  0 F
2450535.56353 19.757 0.073 11  0 C
2450535.62383 19.892 0.097 11  0 D
2450536.54269 19.954 0.100 11  0 D
2450536.58786 20.124 0.120 11  0 D
2450536.63840 19.480 0.086 11  0 E
2450537.53728 19.846 0.070 11  0 C
2450537.63748 19.841 0.087 11  0 C
2450538.52526 20.098 0.128 11  0 D
2450538.57700 19.661 0.071 11  0 D
2450539.53390 19.650 0.075 11  0 B
2450539.64498 19.765 0.072 11  0 B
2450540.65071 19.827 0.095 11  0 C
2450541.54427 20.088 0.092 11  0 C
2450541.60129 19.668 0.063 11  0 C
2450542.53337 19.687 0.062 11  0 B
2450542.58524 20.092 0.091 11  0 C
2450542.63271 19.769 0.071 11  0 C
2450543.57160 19.699 0.065 11  0 B
2450543.61565 19.705 0.076 11  0 B
2450543.65270 19.967 0.096 11  0 B
2450544.52436 19.572 0.056 11  0 C
2450544.56867 19.868 0.075 11  0 C
2450544.61294 19.882 0.088 11  0 E
2450544.65818 19.856 0.092 11  0 C
2450551.51410 19.740 0.063 11  0 B
2450552.52556 19.703 0.074 11  0 B
2450553.53092 20.061 0.129 11  0 A
2450554.50762 19.860 0.107 11  0 B
2450557.61453 19.881 0.147 11  0 D
2450559.54514 19.956 0.132 11  0 C
2450560.52316 19.606 0.122 11  0 B
2450561.52318 19.773 0.115 11  0 A
2450562.52474 20.041 0.158 11  0 D
2450564.52594 19.814 0.119 11  0 E
2450565.53172 19.832 0.113 11  0 A
2450566.52570 19.734 0.087 11  0 A
2450567.52679 19.744 0.077 11  0 A
2450568.51204 20.253 0.211 11  0 E
2450569.52181 19.837 0.119 11  0 D
2450571.50767 19.821 0.103 11  0 A
2450572.53793 19.750 0.097 11  0 A
2450574.49985 19.756 0.086 11  0 A
2450575.49845 19.830 0.143 11  0 C
2450577.50742 19.793 0.093 11  0 A
2450578.52096 19.992 0.108 11  0 C
2450582.50313 19.622 0.113 11  0 C
2450583.50588 19.617 0.088 11 40 B
2450672.89134 19.844 0.088 11  0 B
2450689.87533 19.929 0.107 11  0 C
2450699.87655 19.946 0.109 11  0 B
2450701.84216 19.900 0.150 11  0 D
2450704.88467 19.629 0.102 11  0 E
2450706.86608 19.859 0.133 11  0 C
2450714.84193 19.852 0.088 11  0 B
2450716.79813 19.818 0.088 11  0 C
2450720.85446 19.896 0.114 11  0 D
2450728.79329 19.866 0.080 11  0 A
2450729.79333 19.812 0.104 11  0 C
2450730.74887 19.647 0.073 11  0 C
2450733.83989 19.928 0.165 11  0 F
2450741.84310 19.820 0.095 11  0 B
2450745.79796 19.921 0.098 11  0 B
2450747.84633 19.899 0.100 11  0 B
2450753.80020 20.059 0.144 11  0 C
2450759.83476 19.828 0.091 11  0 B
2450766.80888 20.100 0.185 11  0 D
2450772.82802 19.962 0.106 11  0 B
2450775.80973 19.864 0.085 11  0 A
2450779.82838 19.709 0.079 11  0 B
2450787.80477 20.038 0.103 11  0 A
2450789.78879 19.908 0.112 11  0 D
2450790.79926 19.938 0.116 11  0 C
2450795.75690 19.854 0.098 11  0 A
2450796.82879 19.887 0.104 11  0 A
2450797.75656 19.716 0.078 11  0 A
2450798.72854 19.700 0.070 11  0 A
2450805.81342 19.775 0.129 11  0 E
2450816.78444 20.006 0.105 11  0 A
2450817.70369 20.016 0.097 11  0 B
2450819.80335 19.651 0.111 11  0 D
2450822.81757 20.201 0.111 11  0 B
2450824.84681 19.560 0.079 11  0 A
2450826.67031 20.033 0.126 11  0 A
2450829.74089 19.774 0.111 11  0 C
2450832.69711 19.872 0.097 11  0 A
2450836.79593 19.638 0.101 11  0 B
2450840.67530 19.790 0.130 11  0 D
2450843.67574 19.660 0.078 11  0 B
2450850.64933 19.880 0.101 11  0 C
2450854.68716 19.571 0.090 11 40 B
2450856.62037 20.047 0.154 11  0 D
2450858.59293 19.861 0.104 11  0 B
2450875.56826 19.641 0.078 11  0 C
2450880.55382 19.982 0.103 11  0 B
2450887.56713 19.638 0.111 11  0 C
2450892.69545 19.525 0.082 11  0 B
2450895.54155 19.860 0.133 11  0 C
2450898.54844 19.919 0.080 11  0 A
2450922.61577 19.699 0.098 11  0 C
2450928.54173 20.025 0.169 11  0 D
2450933.57340 20.077 0.152 11  0 D
2450952.50690 20.040 0.130 11  0 A
2451045.90150 20.458 0.216 11  0 E
2451051.88172 19.834 0.108 11  0 C
2451052.91696 19.954 0.137 11  0 D
2451053.89719 19.795 0.078 11  0 C
2451054.91286 19.814 0.088 11  0 B
2451055.88535 19.742 0.114 11  0 F
2451059.89812 20.260 0.180 11  0 D
2451061.90788 19.716 0.127 11  0 D
2451069.85531 19.926 0.103 11  0 B
2451076.87725 19.877 0.106 11  0 B
2451087.82746 19.659 0.081 11  0 D
2451091.82997 19.968 0.161 11  0 C
2451102.81237 19.827 0.059 11  0 B
2451106.86740 19.918 0.091 11  0 C
2451107.79518 19.717 0.083 11  0 C
2451113.80795 19.693 0.082 11  0 D
2451119.81267 19.761 0.097 11  0 A
2451128.82093 20.056 0.115 11  0 B
2451131.70649 19.936 0.156 11  0 E
2451132.75852 19.714 0.080 11  0 B
2451136.79183 19.809 0.088 11  0 A
2451138.81826 19.929 0.099 11  0 A
2451142.68295 19.960 0.082 11  0 A
2451144.75186 20.375 0.143 11  0 A
2451151.77772 19.531 0.073 11  0 A
2451155.77703 19.787 0.087 11  0 C
2451158.77452 19.980 0.109 11  0 B
2451161.75245 19.923 0.083 11  0 A
2451165.77318 19.639 0.070 11  0 B
2451169.76805 19.566 0.082 11  0 C
2451174.74188 19.929 0.085 11  0 D
2451179.75870 20.267 0.174 11  0 B
2451181.83079 19.963 0.137 11  0 B
2451186.78519 19.804 0.076 11  0 A
2451187.84645 19.669 0.074 11  0 A
2451192.69232 19.770 0.080 11  0 B
2451196.72521 20.751 0.291 11  0 E
2451201.73408 19.630 0.101 11  0 E
2451203.75389 19.907 0.095 11  0 B
2451207.61078 19.974 0.130 11  0 B
2451211.64854 19.850 0.099 11  0 A
2451214.64944 19.729 0.105 11  0 C
2451217.62428 19.938 0.107 11  0 D
2451220.62912 19.801 0.088 11  0 A
2451223.65535 19.752 0.088 11  0 B
2451225.59630 20.034 0.098 11  0 A
2451227.67679 20.188 0.177 11  0 F
2451231.57271 19.983 0.136 11  0 C
2451234.62094 19.899 0.118 11  0 C
2451240.58090 19.856 0.102 11  0 A
2451242.68260 19.510 0.098 11  0 C
2451244.63222 20.095 0.131 11  0 B
2451247.56281 20.044 0.148 11  0 D
2451260.57303 19.699 0.086 11  0 A
2451265.54796 19.679 0.088 11  0 A
2451274.52587 19.886 0.142 11  0 B
2451277.53015 20.058 0.144 11  0 B
2451281.55862 19.821 0.128 11  0 A
2451288.52838 19.991 0.158 11  0 B
2451290.59580 20.172 0.162 11 40 B
2451296.53314 19.692 0.124 11  0 B
2451305.55859 19.828 0.120 11  0 B
2451308.48811 19.892 0.118 11  0 A
2451316.52648 19.980 0.082 11  0 D
2451319.50277 19.708 0.094 11  0 A
2451335.47248 20.514 0.231 11 40 B
2451342.47130 20.001 0.154 11  0 C
2451412.86113 19.791 0.108 11  0 D
2451418.85835 19.619 0.090 11 40 C
2451430.91290 19.772 0.105 11  0 C
2451432.84672 20.166 0.175 11  0 E
2451435.82274 19.898 0.153 11  0 F
2451437.80664 19.769 0.108 11  0 D
2451440.85429 19.996 0.145 11  0 C
2451446.86635 19.723 0.128 11  0 C
2451447.89188 19.714 0.126 11  0 C
2451451.87614 19.883 0.118 11  0 C
2451455.85498 19.745 0.136 11  0 E
2451459.79363 20.268 0.163 11  0 C
2451462.79792 19.898 0.134 11  0 F
2451470.85826 20.091 0.123 11  0 A
2451475.77090 20.018 0.123 11  0 A
2451478.72627 19.534 0.088 11  0 D
2451481.69990 19.873 0.121 11  0 D
2451484.84935 20.098 0.121 11  0 A
2451487.74629 20.143 0.119 11  0 B
2451490.72615 19.952 0.124 11  0 B
2451492.71927 19.846 0.104 11  0 B
2451495.71775 19.808 0.092 11  0 B
2451499.67553 19.897 0.136 11  0 D
2451502.67079 19.951 0.131 11  0 B
2451505.71138 19.959 0.124 11  0 A
2451507.84481 19.730 0.099 11  0 B
2451510.82081 19.727 0.086 11  0 B
2451512.71758 19.989 0.151 11  0 D
2451514.82868 19.803 0.102 11  0 D
2451517.66413 19.781 0.098 11  0 C
2451519.73777 19.828 0.094 11  0 A
2451521.67351 20.023 0.113 11  0 B
2451523.79426 19.963 0.145 11  0 E
2451525.78864 19.767 0.076 11  0 A
2451527.71757 19.751 0.082 11  0 A
2451528.76394 19.995 0.106 11  0 B
2451529.78500 19.663 0.073 11  0 A
2451531.77815 19.956 0.116 11  0 D
2451538.73467 19.808 0.090 11  0 A
2451541.69077 19.695 0.059 11  0 A
2451542.72065 19.839 0.101 11  0 A
2451544.64667 19.819 0.089 11  0 A
2451547.77359 19.744 0.077 11  0 A
2451548.75119 19.858 0.088 11  0 A
2451549.74545 19.902 0.077 11  0 A
2451552.61020 19.920 0.088 11  0 B
2451554.73667 19.811 0.074 11  0 B
2451555.74336 20.001 0.092 11  0 A
2451562.74632 19.691 0.120 11  0 C
2451564.62492 19.715 0.107 11  0 C
2451567.71747 19.919 0.126 11  0 C
2451570.62281 19.799 0.092 11  0 B
2451574.74950 19.843 0.080 11  0 A
2451577.69918 19.812 0.088 11  0 B
2451580.73524 19.887 0.100 11  0 A
2451583.62061 20.063 0.113 11  0 B
2451586.62088 19.973 0.099 11  0 A
2451589.62543 19.638 0.094 11  0 B
2451592.61719 19.775 0.084 11  0 A
2451595.66309 19.925 0.126 11  0 B
2451599.60279 19.743 0.079 11  0 B
2451601.68077 19.646 0.104 11  0 C
2451604.56231 19.756 0.105 11  0 C
2451606.59717 20.007 0.139 11  0 C
2451609.63853 20.038 0.120 11  0 B
2451610.62366 19.844 0.098 11  0 B
2451613.51468 19.914 0.133 11  0 D
2451615.54663 19.864 0.108 11  0 B
2451617.61802 19.678 0.080 11  0 A
2451619.60165 20.118 0.175 11  0 B
2451620.55284 19.922 0.157 11  0 D
2451624.49955 19.995 0.160 11  0 C
2451626.50040 19.791 0.133 11  0 E
2451627.62150 19.773 0.132 11  0 C
2451629.50055 20.203 0.153 11  0 B
2451630.58194 19.967 0.117 11  0 A
2451632.51848 19.746 0.097 11 40 B
2451634.49620 19.704 0.086 11  0 B
2451643.48811 19.747 0.133 11  0 E
2451656.51174 20.078 0.127 11  0 B
2451659.51920 19.978 0.162 11  0 C
2451661.54315 19.766 0.118 11  0 B
2451663.56842 19.765 0.099 11  0 A
2451667.51008 19.824 0.144 11  0 C
2451670.53182 19.538 0.096 11  0 B
2451673.50229 19.905 0.167 11  0 D
2451691.52011 19.295 0.068 11  0 A
2451694.47667 19.650 0.123 11  0 C
2451769.86375 19.870 0.117 11  0 D
2451772.87044 19.933 0.107 11  0 A
2451775.87152 19.837 0.105 11  0 A
2451784.85609 19.701 0.122 11  0 C
2451789.84481 19.620 0.054 11  0 A
2451804.79444 20.210 0.190 11  0 C
2451808.87500 19.849 0.124 11  0 D
2451812.78954 19.824 0.088 11  0 A
2451816.80090 19.800 0.081 11  0 B
2451821.79146 19.776 0.090 11  0 C
2451823.83357 19.777 0.080 11  0 B
2451826.81665 19.666 0.097 11  0 C
2451829.79031 19.675 0.108 11  0 B
2451830.80363 19.930 0.135 11  0 B
2451834.84260 19.688 0.106 11  0 C
2451845.84005 19.924 0.102 11  0 B
2451851.83742 19.763 0.126 11  0 E
2451859.77974 19.640 0.081 11  0 A
2451861.79695 20.013 0.112 11  0 B
2451864.77438 19.700 0.074 11  0 A
2451865.75460 19.787 0.082 11  0 A
2451867.80836 19.985 0.102 11  0 A
2451868.79395 19.746 0.069 11  0 A
2451870.72723 19.868 0.090 11  0 B
2451871.81124 19.931 0.081 11  0 A
2451873.77078 19.736 0.080 11  0 B
