2450726.83010 19.130 0.049 11  0 A
2450739.86391 18.998 0.076 11  0 D
2450744.77221 19.135 0.067 11  0 B
2450745.85686 19.165 0.059 11  0 A
2450746.84271 19.280 0.062 11  0 A
2450747.73816 19.161 0.061 11  0 C
2450748.69013 19.141 0.074 11  0 E
2450750.80309 19.099 0.054 11  0 B
2450751.80393 19.235 0.059 11  0 B
2450752.86174 19.130 0.061 11  0 B
2450754.80798 19.056 0.069 11  0 E
2450755.78596 19.235 0.065 11  0 D
2450759.71180 19.091 0.050 11  0 C
2450761.79306 19.061 0.083 11  0 E
2450766.84275 19.220 0.095 11  0 C
2450773.79834 19.241 0.085 11  0 C
2450776.82355 19.210 0.060 11  0 C
2450780.78393 19.122 0.054 11  0 C
2450782.81255 19.368 0.080 11  0 B
2450788.84006 19.168 0.048 11  0 A
2450792.75011 19.121 0.076 11  0 C
2450795.83543 19.130 0.058 11  0 A
2450798.75974 19.180 0.056 11  0 A
2450817.75808 19.164 0.057 11  0 A
2450819.83479 19.224 0.077 11  0 B
2450824.70545 19.118 0.078 11  0 B
2450826.79811 19.248 0.087 11  0 A
2450827.69494 19.098 0.055 11  0 A
2450828.75456 19.134 0.060 11  0 A
2450829.70218 19.201 0.060 11  0 B
2450830.76028 19.247 0.068 11  0 A
2450831.59755 18.899 0.061 11  0 D
2450832.76715 19.190 0.060 11  0 A
2450833.58673 19.138 0.053 11  0 B
2450834.69072 19.127 0.057 11  0 B
2450835.80851 19.292 0.070 11  0 B
2450837.67040 19.187 0.045 11  0 A
2450839.66885 19.090 0.057 11  0 E
2450841.75786 19.319 0.066 11  0 B
2450842.74778 19.155 0.068 11  0 C
2450844.60272 19.290 0.066 11  0 E
2450846.77466 19.176 0.060 11  0 B
2450850.76552 19.222 0.069 11  0 B
2450855.71245 19.301 0.115 11  0 C
2450856.67446 19.016 0.078 11  0 D
2450857.73313 19.181 0.076 11  0 A
2450858.69627 19.198 0.069 11  0 B
2450859.76302 19.213 0.064 11  0 A
2450860.65600 19.093 0.071 11  0 B
2450865.57331 19.000 0.075 11  0 F
2450867.62838 19.132 0.095 11  0 F
2450874.69211 19.166 0.056 11  0 B
2450876.60816 19.078 0.051 11  0 B
2450876.71066 19.192 0.061 11  0 B
2450878.69817 19.251 0.070 11  0 B
2450880.63251 19.257 0.069 11  0 B
2450887.67675 19.233 0.078 11  0 C
2450890.70038 19.341 0.109 11  0 E
2450892.54713 19.164 0.060 11  0 B
2450893.71338 19.209 0.077 11  0 B
2450896.51512 19.235 0.062 11 40 A
2450900.56860 19.236 0.077 11  0 B
2450919.57047 19.101 0.085 11  0 C
2450925.52352 19.320 0.104 11  0 E
2450931.58148 19.142 0.096 11  0 D
2450934.53031 19.053 0.090 11  0 D
2450950.52347 18.926 0.061 11 40 A
2451079.81436 19.144 0.066 11  0 C
2451080.81800 19.082 0.052 11  0 D
2451083.82854 19.346 0.087 11  0 D
2451084.82393 19.173 0.063 11  0 C
2451086.85198 19.140 0.064 11  0 B
2451090.77960 19.145 0.090 11  0 E
2451092.83003 19.231 0.080 11  0 A
2451093.84212 19.084 0.062 11  0 B
2451106.77100 19.191 0.050 11  0 B
2451108.79201 19.232 0.062 11  0 C
2451114.80144 19.192 0.049 11  0 A
2451119.84470 19.199 0.063 11  0 A
2451120.74926 19.071 0.068 11  0 B
2451126.76907 19.301 0.076 11  0 C
2451129.83338 19.122 0.055 11  0 C
2451131.83933 19.259 0.085 11  0 D
2451132.82895 19.186 0.062 11  0 B
2451137.81113 19.122 0.054 11  0 A
2451138.85244 19.186 0.069 11  0 A
2451142.77913 19.093 0.050 11  0 A
2451152.73678 18.998 0.084 11  0 D
2451154.75233 19.280 0.081 11  0 D
2451155.70858 19.242 0.075 11  0 D
2451157.76246 19.303 0.089 11  0 C
2451159.76819 19.177 0.057 11  0 B
2451161.83217 19.071 0.047 11  0 A
2451163.83408 19.129 0.052 11  0 C
2451164.84901 19.172 0.048 11  0 A
2451166.76646 19.246 0.087 11  0 C
2451167.79271 19.281 0.101 11  0 D
2451168.77534 19.322 0.098 11  0 C
2451171.74424 19.140 0.045 11  0 A
2451175.74164 19.201 0.056 11  0 D
2451179.79109 19.314 0.085 11  0 A
2451181.75456 19.126 0.069 11  0 A
2451183.83950 19.219 0.060 11  0 B
2451185.83685 19.055 0.046 11  0 A
2451187.79218 19.203 0.051 11  0 A
2451189.72864 19.227 0.055 11  0 A
2451191.76734 19.207 0.059 11  0 C
2451192.82612 19.137 0.050 11  0 B
2451193.81808 19.230 0.047 11  0 A
2451194.69372 19.314 0.076 11  0 D
2451201.78222 19.088 0.060 11  0 C
2451202.79144 19.273 0.071 11  0 B
2451204.69802 19.155 0.068 11  0 B
2451206.79814 19.244 0.060 11  0 B
2451207.70840 19.190 0.078 11  0 B
2451211.76633 19.227 0.102 11  0 B
2451214.68046 19.313 0.089 11  0 B
2451215.58527 19.290 0.059 11  0 B
2451216.66169 19.269 0.062 11 40 B
2451217.74338 19.175 0.063 11  0 B
2451219.65707 19.294 0.071 11  0 C
2451220.76504 19.236 0.080 11  0 B
2451221.63093 19.146 0.067 11  0 B
2451223.71953 19.162 0.075 11  0 D
2451226.60916 19.119 0.055 11  0 C
2451227.61397 19.133 0.061 11  0 C
2451230.67876 19.272 0.087 11  0 E
2451233.57479 19.180 0.059 11  0 A
2451235.71258 19.065 0.074 11  0 C
2451238.63510 19.328 0.103 11  0 E
2451240.71086 19.086 0.078 11  0 B
2451242.52879 19.425 0.091 11  0 B
2451244.66531 19.198 0.078 11  0 B
2451247.52313 19.197 0.070 11  0 B
2451248.62331 19.157 0.071 11  0 C
2451251.57784 19.147 0.092 11  0 E
2451254.59235 19.161 0.074 11  0 C
2451255.62557 19.241 0.090 11  0 E
2451256.62959 19.168 0.077 11  0 C
2451258.61677 19.166 0.057 11  0 A
2451261.52261 19.210 0.068 11  0 A
2451264.53360 19.120 0.069 11  0 A
2451267.55515 19.205 0.090 11  0 B
2451272.53543 19.267 0.099 11  0 C
2451274.56726 19.228 0.105 11  0 D
2451276.56574 19.095 0.080 11  0 C
2451278.56930 19.152 0.083 11  0 B
2451279.55208 19.062 0.070 11  0 C
2451290.53340 19.031 0.076 11  0 B
2451298.50993 19.192 0.090 11  0 B
2451306.50129 19.251 0.073 11  0 A
2451315.53365 19.200 0.106 11  0 C
2451318.51620 19.149 0.083 11  0 D
2451320.50894 19.284 0.099 11  0 B
2451330.51910 19.371 0.115 11  0 A
2451335.51225 19.227 0.092 11  0 C
2451431.87155 19.136 0.061 11  0 D
2451433.86647 19.118 0.084 11  0 D
2451436.77994 19.239 0.073 11  0 B
2451439.85825 19.212 0.054 11  0 B
2451441.87694 19.096 0.059 11  0 B
2451443.89859 19.269 0.095 11  0 C
2451447.82959 19.222 0.099 11  0 D
2451449.87142 19.307 0.108 11  0 D
2451454.83591 19.138 0.102 11  0 F
2451459.75216 19.120 0.078 11  0 E
2451462.82976 19.318 0.104 11  0 F
2451471.82744 19.170 0.063 11  0 B
2451476.71905 19.034 0.065 11  0 B
2451478.79745 19.242 0.071 11  0 B
2451484.78564 19.133 0.073 11  0 C
2451488.84963 19.163 0.060 11  0 A
2451489.76756 19.186 0.048 11  0 A
2451491.79624 19.161 0.065 11  0 C
2451493.73825 19.185 0.066 11  0 B
2451496.63515 19.203 0.079 11  0 C
2451498.70221 19.112 0.055 11  0 B
2451500.84247 19.246 0.058 11  0 B
2451503.67778 19.202 0.096 11  0 C
2451505.78508 19.269 0.078 11  0 A
2451507.73604 19.226 0.082 11  0 B
2451508.68875 19.173 0.058 11  0 A
2451509.71404 19.135 0.061 11  0 A
2451511.70729 19.070 0.063 11  0 A
2451512.81202 19.105 0.068 11  0 C
2451514.75567 19.266 0.078 11  0 D
2451517.72079 19.222 0.051 11  0 A
2451519.67437 19.272 0.070 11  0 A
2451522.75454 19.188 0.056 11  0 B
2451523.69948 19.183 0.099 11  0 D
2451525.67598 19.165 0.078 11  0 D
2451527.79545 19.246 0.073 11  0 D
2451528.80383 19.153 0.050 11  0 A
2451529.84703 19.190 0.069 11  0 B
2451531.82518 19.269 0.069 11  0 B
2451538.78157 19.357 0.078 11  0 B
2451542.80615 19.207 0.063 11  0 A
2451544.74805 19.284 0.057 11  0 A
2451547.82065 19.312 0.072 11  0 B
2451548.83016 19.256 0.055 11  0 A
2451549.84007 19.157 0.059 11  0 A
2451552.71664 19.197 0.062 11  0 A
2451553.79168 19.288 0.068 11  0 A
2451554.80690 19.222 0.051 11  0 A
2451555.79527 19.092 0.060 11  0 B
2451555.84835 19.269 0.080 11  0 B
2451561.58827 19.194 0.074 11  0 B
2451562.79306 19.339 0.083 11  0 A
2451566.64102 19.188 0.080 11  0 B
2451568.66393 19.268 0.079 11  0 B
2451571.72717 19.138 0.064 11  0 B
2451575.68995 19.153 0.061 11  0 B
2451577.75706 19.153 0.058 11  0 B
2451579.72697 19.147 0.061 11  0 B
2451581.67493 19.216 0.079 11  0 C
2451584.65101 19.123 0.064 11  0 B
2451586.65988 19.270 0.059 11  0 A
2451589.75703 19.142 0.088 11  0 C
2451592.63374 19.211 0.058 11  0 A
2451593.55115 19.169 0.090 11  0 B
2451595.62372 19.113 0.074 11  0 B
2451596.73711 19.106 0.085 11  0 B
2451599.72898 19.229 0.083 11  0 D
2451600.65681 19.211 0.083 11  0 C
2451601.73495 19.128 0.074 11  0 B
2451602.71633 19.160 0.067 11  0 B
2451604.70861 18.969 0.086 11  0 E
2451606.68292 19.319 0.083 11  0 C
2451609.69640 19.103 0.062 11  0 A
2451610.71399 19.173 0.097 11  0 C
2451611.69125 19.439 0.115 11  0 D
2451613.68197 18.979 0.077 11  0 D
2451615.69200 19.284 0.076 11  0 D
2451616.62894 19.013 0.061 11  0 B
2451617.67213 19.128 0.060 11  0 A
2451618.51344 19.201 0.077 11  0 A
2451620.53699 19.252 0.091 11  0 B
2451620.68685 19.150 0.090 11  0 C
2451622.68129 19.259 0.102 11  0 B
2451624.67936 19.001 0.092 11  0 D
2451625.65900 19.080 0.067 11  0 B
2451627.67554 19.179 0.068 11  0 A
2451629.65050 19.144 0.070 11  0 B
2451630.66749 19.135 0.057 11  0 A
2451633.50496 19.213 0.068 11  0 A
2451634.62428 19.263 0.071 11  0 B
2451635.63781 19.203 0.079 11  0 B
2451644.56432 19.240 0.063 11  0 A
2451653.53133 19.179 0.093 11  0 B
2451654.58277 19.042 0.078 11  0 B
2451656.59951 19.194 0.092 11  0 C
2451658.52707 19.015 0.066 11  0 B
2451662.51212 19.190 0.073 11  0 A
2451665.54743 19.354 0.107 11  0 C
2451670.50677 19.151 0.068 11  0 B
2451782.90649 19.312 0.082 11 40 C
2451783.89762 19.182 0.062 11  0 B
2451790.88450 19.019 0.048 11  0 A
2451813.81874 19.188 0.057 11  0 B
2451818.87114 19.166 0.060 11  0 B
2451826.87071 19.122 0.057 11  0 B
2451843.80674 19.147 0.061 11  0 B
2451844.82188 19.111 0.053 11  0 A
2451845.71286 19.164 0.060 11  0 C
2451850.72421 19.444 0.114 11  0 D
2451855.79846 19.176 0.060 11  0 C
2451860.77217 19.129 0.075 11  0 B
2451864.75841 19.144 0.056 11 40 B
2451866.79691 19.066 0.054 11  0 A
2451868.75499 19.160 0.051 11  0 A
2451869.78938 19.157 0.062 11  0 B
