2450726.83900 20.454 0.152 11  0 A
2450729.73440 20.397 0.183 11  0 D
2450741.78700 20.687 0.264 11  0 C
2450744.78175 20.351 0.184 11  0 B
2450745.86634 20.340 0.216 11  0 B
2450746.80251 20.826 0.297 11  0 B
2450747.74666 20.633 0.211 11  0 B
2450748.70422 20.462 0.208 11  0 D
2450749.83831 21.340 0.434 11  0 B
2450750.81499 20.435 0.194 11  0 B
2450751.81271 21.529 0.603 11  0 C
2450753.82027 21.465 0.507 11 40 C
2450754.76319 20.464 0.241 11  0 E
2450759.67242 20.226 0.150 11  0 C
2450761.80732 20.711 0.263 11  0 E
2450761.82244 20.632 0.202 11  0 B
2450769.79573 20.649 0.240 11  0 B
2450776.78379 20.576 0.209 11  0 B
2450778.81291 20.517 0.256 11  0 C
2450780.79264 20.863 0.248 11  0 B
2450782.77219 20.440 0.178 11  0 B
2450789.80455 20.039 0.143 11  0 C
2450792.71105 21.342 0.532 11  0 B
2450817.71939 20.358 0.158 11  0 A
2450824.73771 20.527 0.219 11  0 A
2450826.70238 20.383 0.174 11  0 A
2450827.70278 21.491 0.447 11  0 B
2450828.69271 20.347 0.150 11  0 A
2450830.76818 21.543 0.572 11  0 B
2450831.55892 20.789 0.291 11  0 D
2450832.54169 20.586 0.269 11  0 D
2450833.56107 20.821 0.249 11  0 C
2450834.66709 20.835 0.252 11  0 B
2450834.79930 20.999 0.445 11  0 C
2450835.65812 21.154 0.283 11  0 A
2450837.67824 20.820 0.162 11  0 A
2450839.67671 20.486 0.192 11  0 D
2450841.71970 21.450 0.417 11  0 C
2450842.75585 20.264 0.176 11  0 C
2450843.79302 20.902 0.237 11  0 B
2450844.53559 20.696 0.264 11  0 D
2450846.78283 20.467 0.171 11  0 B
2450856.74374 21.107 0.464 11  0 C
2450857.74148 20.753 0.345 11  0 B
2450858.72804 21.020 0.325 11  0 B
2450859.77125 20.508 0.232 11  0 A
2450860.61734 20.479 0.194 11  0 A
2450874.58197 20.260 0.145 11  0 B
2450876.61680 21.010 0.279 11  0 B
2450876.71895 21.675 0.536 11  0 B
2450878.62407 20.847 0.258 11  0 C
2450880.64053 20.572 0.214 11  0 B
2450887.68507 21.695 0.687 11  0 B
2450890.70858 21.240 0.579 11  0 E
2450891.54018 20.556 0.211 11  0 D
2450892.50831 21.232 0.414 11  0 D
2450893.67441 21.294 0.556 11  0 D
2450896.52405 20.435 0.186 11  0 B
2450900.57775 20.214 0.158 11  0 C
2450919.57881 20.233 0.216 11  0 B
2450925.58673 20.156 0.213 11  0 E
2450934.53828 21.174 0.530 11  0 C
2450937.55524 21.708 0.937 11  0 C
2450950.53198 21.135 0.411 11  0 A
2450952.52275 20.664 0.241 11  0 A
2450953.50339 21.615 0.780 11  0 B
2451074.83577 20.389 0.226 11  0 D
2451076.81748 20.575 0.233 11  0 D
2451080.77603 20.458 0.177 11  0 E
2451083.83925 21.615 0.608 11  0 D
2451084.83529 21.222 0.329 11  0 B
2451086.86011 20.683 0.217 11  0 C
2451090.74060 20.084 0.188 11  0 D
2451092.75754 20.220 0.205 11 40 B
2451093.79949 20.742 0.260 11  0 B
2451106.78358 21.142 0.272 11  0 B
2451108.80221 21.008 0.277 11  0 B
2451114.81054 20.939 0.212 11  0 B
2451120.75827 20.373 0.224 11  0 C
2451126.77928 20.578 0.267 11  0 D
2451129.84146 20.399 0.158 11  0 A
2451132.83711 20.647 0.208 11  0 B
2451135.78654 20.561 0.170 11  0 B
2451140.83563 20.605 0.173 11  0 B
2451142.78721 20.444 0.150 11 40 A
2451152.74498 20.856 0.357 11  0 C
2451154.77009 20.780 0.237 11  0 A
2451156.73503 21.061 0.329 11  0 D
2451158.80363 20.827 0.277 11  0 B
2451160.80103 20.936 0.276 11  0 C
2451164.78302 20.419 0.156 11  0 A
2451165.82873 20.812 0.291 11  0 C
2451167.75193 20.432 0.189 11  0 B
2451168.71128 20.844 0.302 11  0 C
2451171.75304 20.761 0.163 11  0 A
2451175.75226 20.902 0.278 11  0 D
2451179.80253 21.393 0.568 11  0 A
2451181.76345 20.793 0.386 11  0 A
2451184.70989 20.355 0.147 11  0 B
2451187.70139 20.275 0.162 11  0 A
2451188.71520 20.818 0.202 11  0 B
2451189.76425 20.692 0.187 11  0 A
2451191.77846 20.791 0.201 11  0 B
2451192.78687 20.216 0.114 11  0 A
2451193.82634 20.454 0.167 11  0 C
2451194.70193 20.328 0.181 11  0 C
2451201.79032 20.653 0.217 11  0 C
2451202.79946 20.797 0.244 11  0 B
2451204.70589 20.551 0.202 11  0 B
2451206.80600 20.698 0.196 11  0 B
2451207.71674 20.530 0.261 11  0 B
2451208.77980 20.657 0.263 11  0 A
2451212.77742 20.650 0.355 11  0 D
2451214.68843 20.739 0.279 11  0 B
2451215.59319 20.940 0.226 11  0 B
2451216.70212 20.850 0.263 11  0 B
2451217.75144 20.817 0.289 11  0 B
2451219.66576 20.380 0.186 11  0 D
2451220.77309 20.750 0.284 11  0 B
2451221.63916 20.645 0.243 11  0 B
2451223.72817 20.596 0.217 11  0 D
2451226.61821 20.698 0.236 11  0 C
2451227.62305 20.522 0.181 11  0 B
2451230.68990 20.512 0.207 11  0 B
2451238.59509 20.122 0.184 11  0 C
2451242.58842 20.867 0.327 11  0 C
2451245.66298 20.169 0.180 11  0 C
2451248.54125 20.523 0.245 11  0 C
2451251.53916 20.849 0.390 11  0 E
2451255.54839 22.148 1.155 11  0 C
2451256.58967 20.317 0.165 11  0 B
2451258.62497 20.618 0.190 11  0 A
2451259.63259 20.443 0.151 11  0 A
2451261.58668 20.656 0.194 11  0 A
2451266.51927 20.507 0.274 11  0 B
2451267.57389 20.416 0.277 11  0 C
2451268.58724 20.488 0.251 11  0 C
2451274.59043 20.455 0.275 11  0 B
2451277.57527 20.428 0.201 11  0 B
2451279.56057 20.831 0.299 11  0 B
2451281.58278 20.891 0.353 11  0 A
2451289.47244 20.352 0.287 11  0 D
2451290.54189 20.670 0.322 11  0 B
2451298.47140 20.708 0.373 11  0 C
2451301.54567 20.552 0.292 11  0 C
2451305.57434 20.183 0.186 11  0 B
2451312.55103 20.597 0.356 11  0 C
2451317.48407 20.782 0.242 11  0 A
2451319.53548 20.477 0.274 11  0 B
2451329.46317 20.052 0.218 11 40 C
2451335.48058 20.332 0.206 11  0 A
2451431.87944 20.858 0.243 11  0 B
2451433.87641 21.351 0.605 11  0 E
2451436.79397 21.035 0.334 11  0 B
2451439.88520 20.685 0.185 11  0 B
2451443.82537 20.266 0.261 11  0 F
2451447.83765 20.867 0.432 11  0 D
2451449.87945 21.463 0.724 11  0 D
2451454.84400 20.177 0.212 11  0 F
2451459.81099 22.066 0.951 11  0 C
2451461.84903 20.114 0.163 11  0 C
2451462.83939 20.391 0.217 11  0 E
2451471.83545 20.887 0.261 11  0 B
2451476.72809 20.426 0.207 11  0 A
2451478.80575 20.609 0.207 11  0 A
2451481.84420 20.741 0.294 11  0 C
2451484.79394 20.489 0.182 11  0 B
2451488.82623 20.508 0.188 11  0 A
2451491.80494 20.556 0.222 11  0 C
2451494.81033 20.630 0.291 11  0 B
2451496.69299 20.624 0.305 11  0 C
2451498.71472 20.402 0.176 11  0 B
2451502.71079 20.936 0.345 11  0 C
2451507.74653 20.585 0.245 11  0 A
2451508.64874 20.574 0.201 11  0 A
2451509.81299 20.486 0.186 11  0 A
2451510.83670 20.812 0.257 11  0 A
2451511.66821 21.006 0.345 11  0 A
2451514.71636 20.829 0.302 11  0 D
2451516.68577 20.674 0.219 11  0 A
2451518.65777 20.898 0.294 11  0 B
2451520.68338 20.191 0.168 11  0 A
2451522.76358 20.639 0.212 11  0 B
2451524.82353 20.444 0.185 11  0 A
2451526.66119 20.429 0.181 11  0 B
2451527.82745 20.930 0.278 11  0 B
2451529.73066 20.714 0.220 11  0 B
2451531.83338 20.995 0.276 11  0 B
2451538.78954 21.026 0.340 11  0 B
2451542.81419 20.905 0.315 11  0 B
2451543.84690 21.010 0.336 11  0 B
2451544.75603 20.356 0.148 11  0 B
2451548.78888 20.322 0.177 11  0 A
2451549.80147 20.892 0.252 11  0 A
2451552.72480 20.828 0.208 11  0 A
2451553.79976 20.801 0.256 11  0 A
2451554.81501 20.594 0.159 11  0 A
2451555.80898 20.841 0.252 11  0 B
2451562.80097 20.752 0.277 11  0 A
2451566.65040 20.494 0.241 11  0 B
2451568.67203 20.749 0.266 11  0 B
2451571.73675 20.878 0.294 11  0 B
2451574.78877 20.387 0.144 11  0 A
2451576.64261 20.437 0.214 11  0 A
2451578.74295 20.774 0.309 11  0 B
2451581.69226 20.472 0.213 11  0 D
2451583.73156 20.593 0.268 11  0 C
2451585.67765 20.353 0.185 11  0 C
2451588.65239 21.311 0.521 11  0 C
2451595.63188 20.963 0.376 11  0 B
2451599.73705 20.968 0.373 11  0 B
2451600.71461 19.876 0.163 11  0 D
2451605.51572 20.914 0.329 11  0 B
2451609.70450 20.400 0.184 11  0 B
2451620.49746 20.703 0.321 11  0 C
2451628.65620 20.991 0.339 11  0 A
2451633.63874 20.980 0.280 11  0 A
2451635.64585 20.969 0.402 11  0 C
2451644.59596 20.794 0.244 11  0 A
2451653.55554 20.798 0.351 11  0 A
2451655.59131 20.364 0.240 11  0 B
2451657.58047 20.398 0.307 11  0 D
2451662.57358 20.535 0.247 11  0 B
2451665.55558 21.522 0.840 11  0 D
2451671.53341 21.142 0.525 11  0 B
2451695.50112 20.620 0.298 11  0 B
2451783.90570 20.519 0.196 11 40 B
2451788.87860 20.980 0.330 11  0 C
2451809.85987 20.733 0.183 11  0 B
2451815.86834 21.612 0.521 11  0 C
2451822.74999 20.271 0.170 11  0 B
2451830.85824 21.593 0.620 11  0 A
2451851.80631 20.503 0.273 11  0 E
2451858.73819 20.689 0.365 11  0 D
2451861.76595 21.498 0.538 11 40 B
2451863.80780 20.654 0.190 11  0 A
2451866.75848 20.702 0.213 11  0 A
2451868.76289 21.314 0.312 11  0 A
2451869.79741 20.840 0.301 11  0 C
2451872.78093 20.656 0.243 11  0 C
