2450455.69739 19.717 0.055 11  0 A
2450456.67852 19.843 0.088 11  0 E
2450456.78806 19.887 0.070 11  0 A
2450457.63900 19.713 0.066 11  0 A
2450457.69762 19.901 0.066 11  0 A
2450457.81490 19.749 0.085 11  0 B
2450458.67142 19.780 0.081 11  0 C
2450459.63477 19.712 0.059 11  0 A
2450459.84042 19.552 0.066 11  0 B
2450461.64334 19.638 0.058 11  0 A
2450461.77156 19.906 0.075 11  0 A
2450462.60011 19.823 0.070 11  0 A
2450465.75128 19.783 0.074 11  0 B
2450466.83886 19.963 0.078 11  0 B
2450468.76780 19.688 0.057 11  0 A
2450469.77672 19.810 0.117 11  0 D
2450470.79460 19.895 0.133 11  0 D
2450472.81253 19.917 0.113 11  0 B
2450473.72822 19.694 0.112 11  0 C
2450475.57306 20.009 0.110 11  0 C
2450477.79063 19.789 0.079 11  0 A
2450478.79634 19.702 0.069 11  0 C
2450479.79660 19.752 0.086 11  0 B
2450480.63307 19.775 0.070 11  0 C
2450481.53090 19.656 0.083 11 40 C
2450482.82358 19.814 0.086 11  0 C
2450483.52903 19.761 0.086 11  0 D
2450484.52722 19.983 0.135 11  0 C
2450485.53179 19.837 0.088 11  0 C
2450486.52396 19.886 0.093 11  0 B
2450487.55135 19.677 0.075 11  0 D
2450488.56373 19.792 0.073 11  0 B
2450489.52380 19.884 0.077 11  0 B
2450490.53247 20.036 0.082 11  0 B
2450491.53403 19.975 0.097 11  0 C
2450492.51918 19.649 0.093 11  0 E
2450493.52232 19.856 0.075 11  0 A
2450494.51729 19.594 0.080 11  0 C
2450494.77677 19.808 0.067 11  0 A
2450495.51937 19.782 0.097 11  0 D
2450496.51454 19.620 0.100 11  0 C
2450496.73094 20.090 0.170 11  0 D
2450498.51388 19.636 0.098 11  0 D
2450499.77630 19.569 0.085 11  0 C
2450500.77379 19.775 0.131 11  0 C
2450501.53833 19.756 0.095 11  0 B
2450507.52453 19.963 0.100 11  0 C
2450508.56715 19.626 0.084 11  0 E
2450509.52170 19.592 0.075 11  0 C
2450510.55240 19.611 0.084 11  0 D
2450510.71763 19.556 0.085 11  0 D
2450511.61703 19.756 0.099 11  0 E
2450512.55137 19.619 0.089 11  0 E
2450513.53549 19.588 0.085 11  0 E
2450513.64730 19.811 0.063 11  0 A
2450514.51513 20.057 0.155 11  0 E
2450514.61060 19.980 0.071 11  0 A
2450515.51179 19.791 0.072 11  0 B
2450516.51529 19.719 0.098 11  0 D
2450517.51483 19.905 0.104 11  0 C
2450518.55169 20.026 0.091 11  0 B
2450519.50474 19.654 0.066 11  0 B
2450519.65424 19.739 0.086 11  0 C
2450519.73208 19.622 0.086 11  0 C
2450520.67098 19.671 0.087 11  0 C
2450521.50690 20.042 0.134 11  0 D
2450521.64444 19.750 0.106 11  0 E
2450521.70821 19.860 0.139 11  0 E
2450523.51216 20.056 0.139 11  0 F
2450524.49765 19.705 0.112 11  0 E
2450524.53769 19.578 0.077 11  0 C
2450525.56085 19.463 0.067 11  0 C
2450526.50102 19.784 0.109 11  0 E
2450526.59675 19.695 0.091 11  0 E
2450527.49581 19.865 0.096 11  0 C
2450528.55561 19.798 0.133 11  0 F
2450530.53554 19.666 0.101 11  0 D
2450530.63315 19.540 0.136 11  0 E
2450531.50860 19.536 0.103 11  0 E
2450531.60760 19.544 0.136 11  0 E
2450532.49721 19.706 0.123 11  0 E
2450533.49624 19.615 0.101 11  0 F
2450533.62213 19.514 0.093 11  0 E
2450534.50549 19.476 0.082 11  0 F
2450535.50987 19.824 0.062 11  0 B
2450536.65892 19.818 0.116 11  0 D
2450540.49709 19.950 0.110 11  0 E
2450552.60886 19.728 0.097 11  0 C
2450554.52321 19.749 0.112 11  0 B
2450560.53863 19.790 0.158 11  0 B
2450561.47914 19.898 0.131 11  0 A
2450562.47118 19.904 0.163 11  0 E
2450573.47099 19.368 0.106 11  0 D
2450673.82532 19.799 0.099 11  0 D
2450689.85155 19.823 0.124 11  0 D
2450699.79761 19.658 0.119 11  0 E
2450701.79486 19.881 0.153 11  0 E
2450704.83666 19.614 0.102 11  0 D
2450715.80221 19.744 0.111 11  0 D
2450720.78228 19.677 0.123 11  0 E
2450722.81274 19.853 0.096 11  0 B
2450726.77076 19.757 0.097 11  0 B
2450728.81052 19.812 0.101 11  0 B
2450729.86534 20.086 0.146 11  0 C
2450733.76620 19.569 0.133 11  0 F
2450741.86100 19.687 0.096 11  0 B
2450744.86647 19.653 0.102 11  0 B
2450745.70814 19.942 0.122 11  0 C
2450747.77515 19.726 0.086 11  0 B
2450748.72929 19.913 0.108 11  0 C
2450751.71247 19.732 0.113 11  0 D
2450755.67275 19.779 0.153 11  0 E
2450759.78586 19.862 0.094 11 40 D
2450760.76235 19.794 0.104 11  0 B
2450761.84732 19.913 0.121 11  0 C
2450765.78891 19.712 0.102 11  0 A
2450769.77970 19.706 0.107 11  0 A
2450774.78625 19.850 0.116 11  0 B
2450778.76962 19.635 0.124 11  0 C
2450780.84039 19.892 0.104 11  0 B
2450781.77447 19.796 0.102 11  0 C
2450783.82345 19.763 0.070 11  0 A
2450788.78554 19.788 0.074 11  0 A
2450789.74196 19.791 0.093 11  0 A
2450792.78202 19.790 0.124 11  0 B
2450795.84373 19.779 0.092 11  0 A
2450796.84440 19.746 0.119 11  0 B
2450797.84190 19.775 0.102 11  0 A
2450798.83895 19.748 0.106 11  0 A
2450805.76432 19.564 0.109 11  0 E
2450816.70669 19.637 0.078 11  0 A
2450817.81293 19.813 0.114 11  0 B
2450818.84886 19.946 0.111 11  0 B
2450819.84289 19.778 0.126 11  0 B
2450822.77108 19.798 0.086 11  0 A
2450825.73033 19.625 0.106 11  0 C
2450827.64086 19.771 0.086 11  0 A
2450828.82542 19.912 0.114 11  0 B
2450829.65992 19.625 0.128 11  0 F
2450830.79130 20.022 0.143 11  0 B
2450831.63654 19.662 0.098 11  0 D
2450832.71270 19.740 0.094 11  0 A
2450833.53780 19.809 0.128 11  0 E
2450834.75989 19.658 0.140 11  0 E
2450837.80487 19.765 0.068 11  0 A
2450839.59172 19.875 0.103 11  0 C
2450841.81371 19.748 0.099 11  0 B
2450842.77888 19.525 0.082 11  0 B
2450844.64694 19.666 0.092 11  0 C
2450850.66798 19.629 0.097 11  0 C
2450854.72874 19.693 0.126 11  0 B
2450856.73535 19.702 0.134 11  0 D
2450858.61665 19.754 0.124 11  0 C
2450860.76330 19.705 0.151 11  0 C
2450864.70276 19.879 0.130 11  0 E
2450875.59840 19.766 0.091 11  0 B
2450880.51542 19.708 0.087 11  0 B
2450887.60628 20.026 0.143 11 40 B
2450892.67965 20.084 0.146 11 40 D
2450895.50201 19.800 0.132 11  0 C
2450897.50078 19.845 0.105 11  0 A
2450918.49561 19.382 0.104 11  0 D
2450922.48410 19.657 0.090 11  0 A
2450928.50265 19.678 0.127 11  0 C
2450931.52509 19.975 0.158 11  0 C
2450934.49727 19.667 0.136 11  0 C
2450950.49967 19.737 0.110 11  0 C
2450952.49133 19.621 0.096 11  0 A
2451053.92066 19.582 0.103 11  0 C
2451068.81146 19.766 0.130 11  0 E
2451069.80238 19.766 0.098 11  0 D
2451071.80119 19.325 0.113 11  0 F
2451077.82775 20.133 0.150 11  0 C
2451083.77692 19.898 0.129 11  0 E
2451088.84574 19.638 0.093 11  0 B
2451092.87830 19.568 0.094 11  0 C
2451102.77010 19.798 0.071 11  0 A
2451106.82713 19.901 0.088 11  0 A
2451112.80864 19.801 0.096 11  0 B
2451116.78488 19.836 0.080 11  0 A
2451126.68468 19.653 0.094 11  0 C
2451128.83746 19.675 0.097 11  0 B
2451131.84808 19.893 0.144 11  0 D
2451132.78199 19.977 0.126 11  0 B
2451136.81534 19.782 0.089 11  0 A
2451142.70759 19.807 0.071 11  0 A
2451151.80218 19.874 0.105 11  0 A
2451154.81005 19.745 0.096 11  0 B
2451157.80334 19.509 0.096 11  0 B
2451160.83683 19.747 0.094 11  0 B
2451163.77827 19.851 0.115 11  0 D
2451166.81223 19.655 0.118 11  0 C
2451169.79277 19.928 0.118 11  0 C
2451171.84123 19.608 0.071 11  0 A
2451174.76756 19.712 0.067 11  0 A
2451175.84886 19.616 0.141 11  0 E
2451179.84287 19.751 0.131 11  0 B
2451183.73767 19.705 0.091 11  0 B
2451185.85243 19.789 0.082 11  0 A
2451187.80798 19.705 0.080 11  0 A
2451189.83100 19.770 0.094 11  0 B
2451191.83640 19.745 0.076 11  0 A
2451194.74376 19.888 0.123 11  0 C
2451196.62428 19.878 0.138 11  0 F
2451201.75895 19.925 0.112 11  0 E
2451204.74459 19.678 0.087 11  0 B
2451207.63741 19.721 0.108 11  0 B
2451211.71781 19.650 0.111 11  0 B
2451214.61093 19.827 0.115 11  0 B
2451217.66434 19.794 0.108 11  0 C
2451219.72015 19.655 0.104 11  0 C
2451223.58848 19.751 0.105 11  0 B
2451226.68117 19.761 0.115 11  0 D
2451228.65497 19.551 0.115 11  0 F
2451231.59642 19.798 0.116 11  0 D
2451234.67395 19.779 0.118 11  0 C
2451239.69465 19.541 0.100 11  0 A
2451241.71127 19.745 0.131 11  0 A
2451243.51824 19.798 0.126 11  0 C
2451245.60295 19.841 0.105 11  0 B
2451247.70237 19.875 0.146 11  0 B
2451248.67008 19.411 0.108 11  0 D
2451254.52156 19.846 0.128 11  0 B
2451259.51395 19.607 0.101 11  0 B
2451264.50816 19.835 0.136 11  0 B
2451267.52732 19.712 0.136 11  0 C
2451273.53350 20.010 0.168 11  0 C
2451275.51250 19.789 0.112 11  0 B
2451278.54505 20.114 0.177 11 40 B
2451288.48984 19.555 0.106 11  0 B
2451290.61955 20.018 0.185 11  0 B
2451298.53109 20.014 0.163 11  0 B
2451301.53638 19.557 0.117 11  0 B
2451306.47764 19.639 0.098 11  0 B
2451312.47055 20.007 0.173 11  0 B
2451316.48590 20.109 0.093 11  0 B
2451319.52651 19.741 0.121 11  0 C
2451332.46173 19.342 0.103 11  0 D
2451333.46732 19.526 0.134 11  0 E
2451335.46372 19.920 0.152 11  0 B
2451342.46300 19.834 0.139 11  0 B
2451395.91278 19.756 0.116 11  0 C
2451400.89863 19.733 0.116 11  0 D
2451412.90895 19.634 0.132 11  0 E
2451415.91829 19.640 0.148 11  0 D
2451430.87304 19.837 0.101 11  0 C
2451432.87026 19.732 0.116 11  0 E
2451435.77422 19.777 0.156 11  0 F
2451437.76792 19.866 0.127 11  0 D
2451440.81441 19.634 0.089 11  0 C
2451443.85743 19.574 0.113 11  0 E
2451446.88960 19.907 0.167 11  0 C
2451448.78065 19.856 0.147 11  0 C
2451454.82642 19.610 0.128 11  0 F
2451458.81629 19.839 0.131 11  0 D
2451459.84372 19.997 0.135 11  0 D
2451462.75507 20.021 0.146 11  0 D
2451470.79540 19.650 0.075 11  0 C
2451475.79509 19.585 0.090 11  0 A
2451477.67965 19.610 0.105 11  0 B
2451479.72051 19.686 0.115 11  0 C
2451484.73618 19.686 0.112 11  0 C
2451487.76190 19.866 0.093 11  0 A
2451491.69002 19.723 0.112 11  0 C
2451493.84193 19.828 0.116 11  0 B
2451494.73552 19.650 0.109 11  0 B
2451497.79139 20.015 0.120 11  0 B
2451499.69918 19.633 0.119 11  0 C
2451502.69447 19.593 0.105 11  0 C
2451503.84438 19.711 0.106 11  0 B
2451505.73491 19.856 0.127 11  0 A
2451507.80606 19.798 0.135 11  0 B
2451510.78214 19.808 0.102 11  0 A
2451512.74118 19.398 0.099 11  0 C
2451514.85240 19.728 0.134 11  0 D
2451515.70651 20.018 0.145 11  0 B
2451517.73818 19.901 0.084 11  0 A
2451518.84313 19.657 0.084 11  0 A
2451521.69728 19.850 0.113 11  0 C
2451525.74833 19.781 0.084 11  0 A
2451527.74107 19.748 0.090 11  0 A
2451528.82018 19.792 0.100 11  0 B
2451529.68437 19.855 0.140 11  0 E
2451531.80172 19.678 0.086 11  0 B
2451538.75796 19.950 0.126 11  0 B
2451542.68187 19.905 0.116 11  0 B
2451544.72451 19.674 0.080 11  0 B
2451547.79685 19.787 0.114 11  0 C
2451548.77458 19.502 0.094 11  0 E
2451549.79334 19.694 0.086 11  0 A
2451552.69243 19.652 0.086 11  0 A
2451553.76814 19.755 0.102 11  0 A
2451554.78335 19.867 0.081 11  0 A
2451555.77036 19.989 0.135 11  0 B
2451561.56353 19.602 0.107 11  0 C
2451562.76976 19.776 0.111 11  0 B
2451564.65864 19.706 0.100 11  0 D
2451567.61616 19.715 0.101 11  0 B
2451570.58334 19.667 0.085 11  0 B
2451573.62362 19.735 0.108 11  0 D
2451576.60900 19.557 0.087 11  0 A
2451579.67194 19.841 0.095 11  0 B
2451581.72360 19.565 0.121 11  0 F
2451583.72249 19.806 0.123 11  0 B
2451585.65765 19.737 0.125 11  0 D
2451588.60782 19.812 0.124 11  0 C
2451591.68554 19.994 0.183 11  0 E
2451593.58919 19.768 0.112 11  0 A
2451595.70989 19.866 0.139 11  0 B
2451599.68216 19.837 0.125 11  0 B
2451600.69573 19.485 0.115 11  0 D
2451604.54639 19.879 0.111 11  0 B
2451606.52110 19.729 0.105 11  0 C
2451609.62172 19.715 0.104 11  0 B
2451610.58458 19.480 0.092 11  0 C
2451611.65520 19.636 0.118 11  0 E
2451613.56120 19.853 0.115 11  0 D
2451615.50749 19.946 0.104 11  0 A
2451617.50694 19.646 0.086 11  0 A
2451619.52945 19.532 0.120 11  0 C
2451621.50201 19.396 0.091 11  0 B
2451623.50043 19.891 0.157 11  0 B
2451625.50241 19.876 0.134 11  0 B
2451627.50257 19.887 0.124 11  0 B
2451629.54748 19.843 0.116 11  0 B
2451630.55633 19.526 0.122 11  0 E
2451632.50285 19.829 0.109 11  0 A
2451634.54297 19.849 0.119 11  0 B
2451635.61443 19.508 0.105 11  0 C
2451643.53443 19.562 0.123 11  0 E
2451645.49158 19.925 0.158 11  0 C
2451653.54721 19.822 0.146 11  0 A
2451655.52087 19.710 0.132 11  0 A
2451657.51226 19.761 0.157 11  0 D
2451660.53746 19.865 0.142 11  0 D
2451662.48835 20.056 0.152 11  0 B
2451664.50317 19.896 0.140 11  0 B
2451667.55689 19.841 0.134 11  0 B
2451671.48627 19.793 0.141 11  0 B
2451676.49101 19.881 0.167 11  0 C
2451768.91199 19.783 0.124 11  0 C
2451769.84444 19.720 0.123 11  0 D
2451773.89753 19.763 0.095 11  0 A
2451775.91760 19.601 0.103 11  0 B
2451789.89913 19.615 0.063 11  0 A
2451790.86112 19.813 0.088 11  0 B
2451803.89060 19.625 0.107 11  0 D
2451809.81667 19.747 0.073 11  0 A
2451812.83993 19.663 0.084 11  0 A
2451814.85477 19.770 0.088 11  0 A
2451818.84764 19.585 0.100 11  0 D
2451822.84006 19.528 0.086 11  0 E
2451828.86522 19.908 0.112 11  0 B
2451829.83646 19.736 0.119 11  0 B
2451830.84992 19.527 0.092 11  0 A
2451846.86638 19.851 0.114 11  0 A
2451850.79600 19.897 0.130 11  0 D
2451855.83810 19.759 0.087 11  0 B
2451859.76413 19.708 0.102 11  0 B
2451863.74588 19.864 0.116 11  0 B
2451865.80057 19.841 0.098 11  0 A
2451867.76950 19.646 0.086 11  0 A
2451869.74290 19.831 0.097 11  0 C
2451870.77325 19.752 0.105 11  0 B
2451871.85741 19.910 0.120 11  0 A
2451873.81710 19.851 0.098 11  0 A
