2450455.67070 18.493 0.016 11  0 A
2450455.74494 18.492 0.017 11  0 B
2450455.79250 18.592 0.019 11  0 B
2450456.61261 18.512 0.017 11  0 A
2450456.66234 18.495 0.030 11  0 F
2450456.69512 18.560 0.023 11  0 C
2450456.73313 18.512 0.018 11  0 A
2450456.78053 18.487 0.017 11  0 A
2450456.83196 18.566 0.020 11  0 A
2450457.58030 18.488 0.018 11  0 A
2450457.62425 18.547 0.019 11  0 A
2450457.68287 18.513 0.019 11  0 A
2450457.74147 18.548 0.021 11  0 A
2450457.80011 18.529 0.019 11  0 A
2450457.82960 18.599 0.023 11  0 A
2450458.65668 18.593 0.021 11  0 B
2450458.72575 18.544 0.023 11  0 C
2450459.57390 18.532 0.021 11  0 A
2450459.62006 18.539 0.020 11  0 A
2450459.67864 18.556 0.021 11  0 A
2450459.73807 18.595 0.020 11  0 B
2450459.78193 18.504 0.021 11  0 B
2450459.82574 18.611 0.022 11  0 B
2450461.58482 18.511 0.019 11  0 B
2450461.62856 18.501 0.019 11  0 A
2450461.68725 18.607 0.020 11  0 C
2450461.75340 18.551 0.018 11  0 A
2450461.81540 18.563 0.026 11  0 C
2450462.58534 18.557 0.018 11  0 A
2450462.64396 18.474 0.016 11  0 A
2450462.68993 18.525 0.020 11  0 A
2450465.69201 18.538 0.023 11  0 C
2450465.73648 18.489 0.024 11  0 C
2450466.67250 18.514 0.021 11  0 D
2450466.73906 18.545 0.019 11  0 B
2450466.82404 18.502 0.021 11  0 B
2450467.67617 18.582 0.021 11  0 A
2450467.78077 18.505 0.019 11  0 A
2450467.84670 18.593 0.028 11  0 D
2450469.68376 18.636 0.025 11  0 B
2450469.76188 18.571 0.024 11  0 A
2450469.83083 18.517 0.028 11  0 C
2450470.76247 18.536 0.032 11  0 E
2450470.80956 18.523 0.030 11  0 D
2450471.66958 18.538 0.022 11  0 A
2450471.80636 18.527 0.030 11  0 E
2450472.64423 18.543 0.020 11  0 A
2450472.68801 18.492 0.019 11  0 A
2450472.73180 18.543 0.024 11  0 A
2450472.79772 18.555 0.029 11  0 B
2450472.82723 18.475 0.031 11  0 B
2450474.72375 18.460 0.023 11  0 C
2450475.55811 18.489 0.020 11  0 C
2450475.61689 18.523 0.023 11  0 C
2450475.68299 18.488 0.026 11  0 D
2450475.73514 18.626 0.030 11  0 C
2450476.76915 18.531 0.028 11  0 D
2450477.55484 18.577 0.019 11  0 A
2450477.60617 18.538 0.018 11  0 A
2450477.75362 18.566 0.021 11  0 A
2450477.83446 18.529 0.026 11  0 B
2450478.56100 18.523 0.019 11  0 A
2450478.78140 18.534 0.020 11  0 A
2450478.84033 18.602 0.023 11  0 B
2450479.55982 18.611 0.023 11 40 C
2450479.60369 18.544 0.018 11  0 A
2450479.73747 18.634 0.027 11  0 B
2450479.84129 18.418 0.026 11  0 D
2450480.59589 18.473 0.022 11  0 C
2450480.67703 18.556 0.019 11  0 B
2450480.77062 18.529 0.020 11  0 B
2450480.81473 18.555 0.023 11  0 C
2450481.58107 18.509 0.020 11  0 B
2450481.72945 18.555 0.022 11  0 B
2450481.77342 18.487 0.021 11  0 C
2450481.81737 18.582 0.025 11  0 D
2450482.73030 18.578 0.020 11  0 B
2450482.80820 18.539 0.021 11  0 B
2450483.59656 18.510 0.027 11  0 E
2450483.64101 18.556 0.021 11  0 C
2450483.68489 18.537 0.019 11  0 B
2450483.72886 18.509 0.020 11  0 C
2450483.77277 18.571 0.022 11  0 C
2450483.81670 18.429 0.025 11  0 E
2450484.59524 18.494 0.023 11  0 B
2450484.70391 18.482 0.020 11  0 B
2450484.74827 18.520 0.019 11  0 B
2450484.79229 18.557 0.023 11  0 B
2450485.59888 18.471 0.019 11  0 C
2450485.74582 18.548 0.021 11  0 B
2450485.78994 18.492 0.020 11 40 C
2450486.59541 18.570 0.024 11  0 D
2450486.68175 18.597 0.021 11  0 E
2450486.73747 18.535 0.022 11  0 C
2450486.78265 18.521 0.021 11  0 B
2450487.62237 18.515 0.017 11  0 B
2450487.67062 18.529 0.017 11  0 A
2450487.71844 18.527 0.017 11  0 B
2450487.76254 18.496 0.019 11  0 B
2450487.80673 18.534 0.020 11  0 C
2450488.60789 18.542 0.019 11  0 B
2450488.65179 18.539 0.018 11  0 A
2450488.72067 18.581 0.023 11  0 C
2450488.76466 18.523 0.023 11  0 C
2450488.80873 18.545 0.026 11  0 D
2450489.58358 18.556 0.018 11  0 B
2450489.67258 18.583 0.018 11  0 A
2450489.71648 18.572 0.019 11  0 A
2450489.76042 18.542 0.021 11  0 B
2450490.57683 18.490 0.015 11  0 A
2450490.71399 18.553 0.021 11  0 A
2450490.75811 18.521 0.021 11  0 A
2450490.80210 18.538 0.020 11  0 B
2450491.60133 18.519 0.021 11  0 C
2450491.65315 18.520 0.021 11  0 C
2450491.69728 18.549 0.023 11  0 C
2450491.81070 18.542 0.024 11  0 C
2450492.58551 18.485 0.020 11  0 C
2450492.65984 18.594 0.024 11  0 E
2450493.58855 18.542 0.021 11  0 B
2450493.63302 18.498 0.019 11  0 A
2450494.58328 18.553 0.020 11  0 B
2450494.62721 18.516 0.022 11  0 B
2450494.67140 18.533 0.022 11  0 C
2450494.71573 18.581 0.024 11  0 B
2450494.76071 18.591 0.021 11  0 B
2450495.58607 18.543 0.024 11  0 C
2450495.65970 18.449 0.025 11  0 C
2450495.71319 18.537 0.034 11  0 E
2450496.58144 18.525 0.024 11  0 B
2450496.62622 18.558 0.025 11  0 B
2450496.67031 18.618 0.032 11  0 E
2450496.71523 18.502 0.036 11  0 E
2450498.58053 18.562 0.022 11  0 A
2450498.62456 18.480 0.019 11  0 A
2450498.73830 18.542 0.025 11  0 A
2450498.78227 18.502 0.024 11  0 B
2450499.57549 18.528 0.022 11  0 B
2450499.62118 18.540 0.020 11  0 A
2450499.76148 18.491 0.025 11  0 C
2450500.54471 18.524 0.028 11  0 C
2450500.61817 18.547 0.031 11  0 E
2450500.66312 18.569 0.027 11  0 C
2450500.71423 18.436 0.027 11  0 B
2450500.75868 18.532 0.032 11  0 C
2450501.58237 18.654 0.035 11 40 C
2450501.70112 18.623 0.034 11  0 B
2450507.57080 18.488 0.019 11  0 B
2450507.61598 18.549 0.024 11  0 E
2450507.68780 18.497 0.037 11  0 F
2450509.56665 18.571 0.024 11  0 B
2450509.61378 18.552 0.025 11  0 B
2450509.66611 18.626 0.030 11  0 C
2450510.60828 18.501 0.023 11  0 C
2450510.65385 18.661 0.030 11  0 D
2450510.70143 18.505 0.032 11  0 E
2450511.69374 18.322 0.039 11  0 F
2450512.60042 18.511 0.022 11  0 D
2450512.64872 18.571 0.045 11  0 F
2450512.72305 18.552 0.022 11  0 C
2450513.58073 18.549 0.021 11  0 E
2450513.62629 18.525 0.019 11  0 A
2450513.71800 18.497 0.019 11  0 A
2450514.58895 18.513 0.018 11  0 A
2450514.65803 18.572 0.025 11  0 C
2450514.70837 18.505 0.022 11  0 B
2450514.75523 18.512 0.020 11  0 B
2450515.58310 18.488 0.018 11  0 A
2450515.63784 18.571 0.021 11  0 A
2450515.68608 18.558 0.023 11  0 B
2450516.58941 18.671 0.031 11  0 D
2450516.64360 18.503 0.024 11 40 C
2450516.69058 18.550 0.025 11  0 B
2450516.73707 18.570 0.028 11  0 C
2450517.58739 18.599 0.027 11  0 C
2450517.63723 18.629 0.026 11  0 B
2450517.68721 18.553 0.027 11  0 C
2450517.73335 18.463 0.024 11  0 C
2450518.62474 18.477 0.023 11  0 B
2450518.66998 18.488 0.025 11  0 C
2450518.71907 18.560 0.030 11  0 C
2450519.58535 18.540 0.019 11  0 B
2450519.63200 18.536 0.023 11  0 D
2450519.71440 18.551 0.027 11  0 C
2450521.58168 18.580 0.027 11  0 C
2450521.62678 18.521 0.028 11  0 E
2450521.68957 18.580 0.031 11  0 E
2450523.59091 18.546 0.027 11  0 E
2450523.64372 18.495 0.023 11  0 C
2450523.69362 18.555 0.029 11  0 F
2450524.63331 18.525 0.031 11  0 E
2450526.57031 18.609 0.034 11  0 F
2450527.69548 18.552 0.034 11  0 D
2450532.57251 18.576 0.033 11  0 D
2450536.54269 18.501 0.024 11  0 D
2450536.58786 18.519 0.026 11  0 D
2450536.63840 18.513 0.032 11  0 E
2450537.53728 18.509 0.019 11  0 C
2450537.63748 18.489 0.024 11  0 C
2450538.52526 18.531 0.028 11  0 D
2450538.57700 18.541 0.023 11  0 D
2450539.53390 18.514 0.025 11  0 B
2450539.64498 18.524 0.022 11  0 B
2450540.65071 18.507 0.026 11  0 C
2450541.54427 18.600 0.022 11  0 C
2450541.60129 18.560 0.021 11  0 C
2450542.53337 18.624 0.022 11 40 B
2450542.58524 18.543 0.021 11  0 C
2450542.63271 18.576 0.022 11  0 C
2450543.57160 18.540 0.021 11  0 B
2450543.61565 18.494 0.023 11  0 B
2450543.65270 18.536 0.024 11  0 B
2450544.52436 18.527 0.021 11  0 C
2450544.56867 18.523 0.021 11  0 C
2450544.61294 18.564 0.024 11  0 E
2450544.65818 18.476 0.024 11  0 C
2450551.51410 18.527 0.020 11  0 B
2450552.52556 18.508 0.024 11  0 B
2450553.53092 18.538 0.030 11  0 A
2450554.50762 18.551 0.030 11  0 B
2450554.59307 18.591 0.047 11  0 D
2450557.61453 18.537 0.038 11  0 D
2450559.54514 18.578 0.034 11 40 C
2450560.52316 18.498 0.042 11  0 B
2450561.52318 18.482 0.033 11  0 A
2450562.52474 18.556 0.037 11  0 D
2450564.52594 18.585 0.037 11  0 E
2450565.53172 18.562 0.033 11  0 A
2450571.50767 18.551 0.032 11  0 A
2450574.49985 18.512 0.028 11  0 A
2450575.49845 18.598 0.044 11  0 C
2450578.52096 18.560 0.028 11  0 C
2450582.50313 18.610 0.042 11  0 C
2450583.50588 18.519 0.030 11  0 B
2450689.87533 18.515 0.026 11  0 C
2450699.87655 18.487 0.027 11  0 B
2450704.88467 18.504 0.033 11  0 E
2450706.86608 18.584 0.038 11  0 C
2450714.84193 18.508 0.025 11  0 B
2450716.79813 18.563 0.026 11  0 C
2450720.85446 18.649 0.049 11  0 D
2450728.79329 18.491 0.022 11  0 A
2450729.79333 18.593 0.032 11  0 C
2450730.74887 18.560 0.025 11  0 C
2450733.83989 18.600 0.043 11  0 F
2450741.84310 18.559 0.028 11  0 B
2450745.79796 18.515 0.025 11  0 B
2450747.84633 18.661 0.030 11  0 B
2450753.80020 18.592 0.034 11  0 C
2450759.83476 18.545 0.026 11  0 B
2450766.80888 18.504 0.039 11  0 D
2450772.82802 18.517 0.027 11  0 B
2450775.80973 18.541 0.024 11  0 A
2450779.82838 18.490 0.026 11  0 B
2450787.80477 18.518 0.025 11  0 A
2450789.78879 18.544 0.031 11  0 D
2450790.79926 18.590 0.033 11  0 C
2450795.75690 18.480 0.026 11  0 A
2450797.75656 18.553 0.026 11  0 A
2450798.72854 18.514 0.023 11  0 A
2450805.81342 18.521 0.037 11  0 E
2450816.78444 18.516 0.027 11  0 A
2450817.70369 18.528 0.025 11  0 B
2450819.80335 18.513 0.039 11  0 D
2450822.81757 18.594 0.026 11  0 B
2450824.84681 18.602 0.030 11  0 A
2450826.67031 18.609 0.032 11  0 A
2450829.74089 18.543 0.033 11  0 C
2450832.69711 18.501 0.026 11  0 A
2450836.79593 18.561 0.037 11  0 B
2450840.67530 18.534 0.038 11  0 D
2450843.67574 18.528 0.026 11  0 B
2450850.64933 18.617 0.030 11  0 C
2450854.68716 18.494 0.033 11  0 B
2450855.65405 18.638 0.047 11  0 D
2450856.62037 18.537 0.036 11  0 D
2450858.59293 18.574 0.031 11  0 B
2451207.61078 18.451 0.031 11  0 B
2451214.64944 18.522 0.033 11  0 C
2451217.62428 18.541 0.029 11  0 D
2451223.65535 18.576 0.028 11  0 B
2451225.59630 18.517 0.025 11  0 A
2451227.67679 18.507 0.035 11  0 F
2451231.57271 18.592 0.035 11  0 C
2451234.62094 18.598 0.034 11  0 C
2451236.62845 18.550 0.042 11  0 D
2451240.58090 18.536 0.029 11  0 A
2451242.68260 18.515 0.036 11  0 C
2451244.63222 18.559 0.030 11  0 B
2451247.56281 18.552 0.035 11  0 D
2451260.57303 18.586 0.031 11  0 A
2451265.54796 18.535 0.029 11  0 A
2451277.53015 18.525 0.034 11  0 B
2451281.55862 18.534 0.037 11  0 A
2451290.59580 18.501 0.034 11  0 B
2451296.53314 18.561 0.040 11  0 B
2451298.57105 18.531 0.046 11  0 C
2451301.51282 18.586 0.046 11  0 B
2451305.55859 18.504 0.034 11  0 B
2451308.48811 18.571 0.033 11  0 A
2451313.53463 18.397 0.040 11  0 C
2451316.52648 18.734 0.024 11  0 D
2451319.50277 18.550 0.031 11  0 A
2451329.49658 18.532 0.042 11  0 B
2451330.49610 18.575 0.048 11  0 B
2451335.47248 18.489 0.034 11  0 B
2451342.47130 18.641 0.041 11  0 C
2451531.77815 18.505 0.029 11  0 D
2451538.73467 18.601 0.028 11  0 A
2451542.72065 18.567 0.029 11  0 A
2451544.64667 18.569 0.040 11  0 A
2451574.74950 18.479 0.023 11  0 A
2451577.69918 18.554 0.027 11  0 B
2451580.73524 18.550 0.028 11  0 A
2451586.62088 18.549 0.025 11  0 A
2451592.61719 18.533 0.026 11  0 A
2451601.68077 18.523 0.035 11  0 C
2451604.56231 18.596 0.034 11  0 C
2451606.59717 18.598 0.036 11  0 C
2451609.63853 18.470 0.028 11  0 B
2451610.62366 18.632 0.031 11  0 B
2451613.51468 18.544 0.035 11  0 D
2451615.54663 18.500 0.028 11  0 B
2451617.61802 18.543 0.027 11  0 A
2451619.60165 18.572 0.039 11  0 B
2451620.55284 18.603 0.042 11  0 D
2451622.50300 18.525 0.041 11  0 C
2451624.49955 18.551 0.039 11  0 C
2451626.50040 18.546 0.038 11  0 E
2451627.62150 18.495 0.038 11  0 C
2451629.50055 18.624 0.034 11  0 B
2451630.58194 18.503 0.029 11  0 A
2451632.51848 18.569 0.031 11  0 B
2451634.49620 18.537 0.028 11  0 B
2451643.48811 18.592 0.042 11  0 E
2451646.48709 18.817 0.061 11  0 E
2451654.52555 18.607 0.044 11 40 C
2451656.51174 18.576 0.030 11  0 B
2451659.51920 18.576 0.042 11  0 C
2451661.54315 18.573 0.037 11  0 B
2451663.56842 18.597 0.031 11  0 A
2451667.51008 18.565 0.042 11  0 C
2451670.53182 18.585 0.037 11  0 B
2451673.50229 18.599 0.046 11  0 D
2451694.47667 18.546 0.042 11  0 C
2451771.89058 18.549 0.049 11  0 D
2451772.87044 18.472 0.027 11  0 A
2451789.84481 18.528 0.020 11  0 A
2451816.80090 18.632 0.028 11  0 B
2451821.79146 18.584 0.030 11  0 C
2451826.81665 18.575 0.034 11  0 C
2451829.79031 18.532 0.037 11  0 B
2451845.84005 18.540 0.028 11  0 B
2451871.81124 18.525 0.024 11  0 A
