2450465.77691 18.731 0.034 11  0 B
2450465.83598 18.751 0.030 11  0 A
2450466.68753 18.806 0.030 11  0 B
2450467.79540 18.823 0.032 11  0 A
2450468.70180 18.772 0.027 11  0 A
2450469.70183 18.745 0.030 11  0 A
2450470.71268 18.776 0.042 11  0 C
2450471.82163 18.892 0.057 11  0 D
2450472.74652 18.901 0.043 11  0 A
2450473.65832 18.670 0.043 11  0 C
2450474.73876 18.785 0.037 11  0 B
2450475.63153 18.762 0.040 11  0 C
2450475.69763 18.742 0.048 11  0 D
2450476.78378 18.823 0.043 11  0 C
2450477.76843 18.775 0.032 11  0 A
2450478.57569 18.800 0.029 11  0 A
2450479.77413 18.887 0.040 11 40 B
2450480.61078 18.731 0.029 11  0 C
2450481.59588 18.834 0.033 11  0 B
2450482.75688 18.760 0.027 11  0 B
2450483.54461 18.837 0.038 11  0 C
2450484.54250 18.830 0.048 11  0 C
2450485.54704 18.794 0.029 11  0 B
2450486.53859 18.825 0.031 11  0 B
2450487.56627 18.789 0.031 11  0 D
2450488.53087 18.823 0.035 11  0 D
2450488.66922 18.735 0.026 11  0 B
2450489.60099 18.738 0.025 11  0 C
2450489.62117 18.865 0.029 11  0 B
2450490.59163 18.751 0.022 11  0 A
2450491.54978 18.780 0.028 11  0 B
2450492.53406 18.794 0.034 11  0 B
2450492.60843 18.786 0.040 11  0 E
2450493.53712 18.748 0.026 11  0 A
2450494.53194 18.788 0.029 11  0 B
2450495.53427 18.735 0.039 11  0 C
2450496.52976 18.840 0.038 11  0 B
2450496.74588 18.936 0.069 11  0 E
2450498.52854 18.733 0.034 11  0 B
2450499.52403 18.795 0.034 11  0 B
2450500.51522 18.730 0.040 11  0 B
2450501.51578 18.780 0.045 11  0 C
2450507.63333 18.860 0.051 11  0 E
2450508.51949 18.637 0.053 11  0 F
2450508.58622 18.802 0.047 11  0 E
2450510.52415 18.810 0.042 11  0 D
2450511.63374 18.779 0.042 11  0 E
2450512.67111 18.839 0.041 11  0 C
2450513.66302 18.750 0.031 11  0 A
2450514.53614 18.721 0.041 11  0 E
2450515.52781 18.757 0.034 11  0 C
2450516.53134 18.743 0.045 11  0 D
2450517.53282 18.830 0.042 11  0 C
2450518.57161 18.721 0.027 11  0 B
2450518.73448 18.824 0.051 11  0 C
2450519.52223 18.783 0.030 11  0 D
2450520.68903 18.787 0.035 11  0 C
2450521.52310 18.805 0.044 11  0 E
2450523.53493 18.683 0.027 11  0 D
2450524.51395 18.832 0.047 11  0 D
2450526.51735 18.786 0.041 11  0 D
2450526.61847 18.806 0.045 11  0 E
2450527.51471 18.707 0.032 11  0 C
2450528.57412 18.851 0.049 11  0 E
2450530.60273 18.812 0.056 11  0 E
2450531.52964 18.821 0.047 11  0 C
2450532.51505 18.770 0.043 11  0 D
2450533.51857 18.704 0.039 11  0 D
2450534.52586 18.568 0.035 11 40 E
2450535.64037 18.773 0.053 11  0 E
2450536.67560 18.897 0.051 11  0 D
2450552.62374 18.829 0.041 11  0 B
2450553.47945 18.861 0.058 11  0 C
2450554.53823 18.671 0.049 11  0 B
2450561.53867 18.764 0.053 11  0 B
2450566.47429 18.774 0.044 11  0 A
2450567.47505 18.667 0.038 11 40 A
2450569.46952 18.873 0.069 11  0 D
2450571.52302 18.952 0.054 11  0 B
2450572.47923 18.825 0.055 11  0 D
2450573.48681 18.767 0.066 11  0 E
2450574.51559 18.802 0.040 11  0 A
2450673.84125 18.820 0.032 11  0 B
2450699.81455 18.793 0.047 11  0 D
2450701.85941 18.759 0.046 11  0 C
2450704.80331 18.795 0.044 11  0 D
2450712.87903 18.732 0.040 11  0 A
2450715.84439 18.801 0.040 11  0 B
2450720.79922 18.706 0.054 11  0 E
2450726.86442 18.847 0.036 11  0 A
2450728.82857 18.824 0.037 11  0 A
2450729.81090 18.787 0.043 11  0 C
2450733.86320 18.865 0.059 11  0 D
2450742.80370 18.787 0.048 11  0 B
2450745.73518 18.797 0.038 11  0 B
2450747.79197 18.770 0.034 11  0 A
2450748.74674 18.726 0.040 11  0 D
2450750.83957 18.818 0.048 11  0 C
2450751.73216 18.705 0.051 11  0 C
2450755.69063 18.883 0.061 11  0 D
2450759.75991 18.750 0.037 11  0 C
2450760.81206 18.674 0.035 11 40 B
2450763.80804 18.718 0.051 11  0 C
2450769.84445 18.807 0.048 11  0 A
2450773.83302 18.761 0.045 11  0 B
2450778.78597 18.719 0.055 11  0 D
2450780.81679 18.758 0.040 11  0 B
2450782.82152 18.862 0.045 11  0 B
2450787.82454 18.775 0.039 11  0 A
2450792.75851 18.860 0.059 11  0 C
2450796.77440 18.899 0.050 11  0 A
2450798.79159 18.749 0.042 11  0 A
2450816.80010 18.870 0.044 11  0 B
2450817.78954 18.844 0.044 11  0 B
2450822.74762 18.762 0.034 11  0 A
2450826.61586 18.776 0.044 11  0 A
2450827.72657 18.753 0.038 11  0 A
2450830.80677 18.833 0.053 11  0 C
2450831.65201 18.778 0.045 11  0 D
2450832.78296 18.757 0.043 11  0 A
2450833.68442 18.792 0.032 11  0 A
2450834.77544 18.905 0.071 11  0 C
2450837.78138 18.750 0.031 11  0 A
2450839.60709 18.755 0.036 11  0 C
2450841.79043 18.782 0.050 11  0 C
2450843.71344 18.687 0.032 11  0 D
2450844.66259 18.760 0.044 11  0 C
2450850.68340 18.902 0.055 11  0 C
2450854.70542 18.820 0.054 11  0 B
2450855.75188 18.793 0.065 11  0 B
2450856.70465 18.679 0.050 11  0 C
2450858.63978 18.774 0.060 11  0 E
2450860.73099 18.812 0.058 11  0 C
2450864.72594 18.869 0.073 11  0 F
2450874.73898 18.901 0.047 11  0 C
2450876.65530 18.804 0.041 11  0 B
2450879.61513 18.711 0.043 11  0 C
2450881.54711 18.738 0.046 11  0 C
2450887.62931 18.791 0.060 11  0 C
2450892.59425 18.728 0.043 11  0 C
2450895.57499 18.811 0.054 11  0 C
2450900.54392 18.709 0.047 11  0 C
2450920.54506 19.077 0.070 11  0 D
2450925.49727 18.818 0.069 11  0 E
2450933.51140 18.684 0.055 11  0 C
2450951.52441 18.783 0.037 11  0 A
2451040.91778 18.797 0.046 11  0 B
2451051.91363 18.928 0.050 11  0 C
2451065.87416 18.905 0.054 11 40 D
2451068.83622 18.744 0.046 11  0 C
2451069.82670 18.779 0.035 11  0 B
2451071.84382 18.723 0.044 11  0 E
2451079.79102 18.725 0.035 11  0 C
2451083.80472 18.872 0.049 11  0 D
2451088.86941 18.709 0.044 11  0 C
2451093.86607 18.693 0.035 11  0 A
2451102.84409 18.762 0.027 11  0 A
2451107.82696 18.764 0.038 11  0 B
2451113.84075 18.812 0.036 11  0 D
2451119.77357 18.852 0.046 11  0 B
2451126.74503 18.647 0.040 11  0 C
2451130.71112 18.852 0.047 11 40 C
2451132.71967 18.777 0.036 11 40 A
2451136.83892 18.717 0.037 11  0 A
2451142.73092 18.741 0.029 11  0 A
2451151.82602 18.884 0.046 11  0 A
2451154.83458 18.817 0.049 11  0 B
2451157.78616 18.683 0.050 11  0 B
2451161.78414 18.758 0.028 11  0 A
2451163.75568 18.812 0.048 11  0 E
2451166.79216 18.716 0.054 11  0 C
2451170.84011 18.831 0.040 11  0 A
2451174.82276 18.860 0.037 11  0 B
2451178.73978 18.868 0.049 11  0 C
2451181.70635 18.701 0.045 11  0 A
2451185.78892 18.896 0.041 11 40 A
2451187.74086 18.786 0.043 11  0 B
2451189.80533 18.729 0.036 11  0 B
2451192.72490 18.806 0.032 11  0 B
2451202.66281 18.829 0.046 11  0 A
2451204.76819 18.771 0.043 11  0 B
2451207.66161 18.858 0.048 11  0 B
2451211.74204 18.809 0.055 11  0 B
2451214.75851 18.820 0.049 11  0 B
2451217.71970 18.742 0.037 11  0 A
2451219.70435 18.763 0.044 11  0 B
2451223.61184 18.780 0.041 11  0 C
2451226.70677 18.787 0.042 11  0 C
2451230.65514 18.827 0.043 11  0 B
2451234.58157 18.820 0.048 11  0 C
2451238.58514 18.822 0.058 11  0 C
2451239.71778 18.891 0.066 11  0 B
2451241.69440 18.821 0.053 11  0 A
2451243.55226 18.696 0.045 11  0 D
2451245.52086 18.803 0.059 11  0 E
2451248.52924 18.779 0.057 11  0 C
2451253.60003 18.918 0.055 11  0 D
2451256.57933 18.781 0.046 11  0 B
2451261.57538 18.837 0.042 11 40 A
2451265.59305 18.780 0.045 11  0 B
2451268.57796 18.943 0.073 11  0 B
2451276.53142 18.797 0.050 11  0 B
2451279.52591 18.822 0.054 11  0 B
2451288.55947 18.759 0.051 11  0 A
2451291.59050 18.807 0.044 11  0 A
2451296.56389 18.861 0.060 11  0 A
2451300.51027 18.818 0.067 11  0 B
2451305.48468 18.829 0.055 11  0 B
2451308.51944 18.746 0.045 11  0 B
2451313.49501 18.838 0.060 11  0 B
2451317.52260 18.758 0.050 11  0 C
2451320.46930 18.853 0.063 11  0 B
2451330.48730 18.782 0.068 11  0 B
2451397.91603 18.774 0.050 11  0 C
2451412.89366 18.748 0.045 11  0 C
2451431.80859 18.772 0.036 11  0 B
2451432.89394 18.786 0.052 11  0 C
2451435.85393 18.852 0.050 11  0 D
2451437.84675 18.862 0.044 11  0 C
2451440.88541 18.790 0.052 11  0 C
2451443.88332 18.835 0.052 11  0 D
2451447.80641 18.839 0.065 11  0 D
2451449.84813 18.791 0.055 11  0 E
2451454.76231 18.793 0.050 11  0 F
2451455.88597 18.769 0.063 11  0 D
2451458.79992 18.817 0.049 11  0 C
2451459.86730 18.818 0.046 11  0 C
2451462.73850 18.802 0.045 11  0 C
2451470.81949 18.728 0.033 11  0 A
2451475.81824 18.908 0.056 11  0 A
2451477.70510 18.838 0.052 11  0 B
2451479.74527 18.765 0.044 11  0 B
2451484.76072 18.746 0.041 11  0 B
2451487.80232 18.800 0.047 11  0 B
2451491.72551 18.727 0.046 11  0 C
2451493.82607 18.795 0.044 11  0 A
2451496.61187 18.745 0.051 11  0 C
2451498.75441 18.803 0.044 11  0 B
2451501.83848 18.825 0.043 11  0 C
2451503.73324 18.848 0.049 11  0 B
2451505.83986 18.770 0.050 11  0 A
2451507.78698 18.717 0.056 11  0 B
2451511.65970 18.757 0.040 11  0 A
2451514.70674 18.691 0.048 11  0 E
2451517.69627 18.756 0.035 11  0 A
2451519.69865 18.839 0.045 11  0 A
2451521.72133 18.792 0.035 11  0 A
2451522.69891 18.746 0.051 11  0 D
2451523.75538 18.855 0.069 11  0 C
2451525.73200 18.754 0.036 11  0 A
2451527.81918 18.744 0.058 11  0 E
2451528.72163 18.871 0.039 11  0 A
2451531.73925 18.801 0.053 11  0 C
2451538.69596 18.850 0.042 11  0 A
2451541.65203 18.741 0.030 11  0 A
2451542.75195 18.808 0.042 11  0 A
2451544.70875 18.783 0.036 11  0 B
2451547.73482 18.791 0.032 11  0 A
2451548.71219 18.761 0.033 11  0 B
2451549.77755 18.715 0.035 11  0 A
2451551.74142 18.769 0.031 11  0 A
2451552.67469 18.751 0.039 11  0 A
2451554.76764 18.809 0.034 11  0 A
2451555.70446 18.898 0.045 11  0 A
2451556.67511 18.805 0.039 11  0 A
2451562.70749 18.852 0.047 11  0 A
2451564.58612 18.880 0.070 11  0 C
2451564.68216 18.892 0.060 11  0 E
2451567.63958 18.818 0.042 11  0 A
2451570.73702 18.786 0.038 11  0 A
2451574.73268 18.765 0.034 11  0 A
2451576.63239 18.771 0.044 11  0 B
2451578.73400 18.662 0.053 11  0 C
2451581.64787 18.835 0.041 11  0 B
2451584.62637 18.751 0.047 11  0 B
2451587.61423 18.777 0.042 11  0 B
2451590.62128 18.685 0.040 11  0 A
2451595.69395 18.744 0.056 11  0 B
2451599.70529 18.890 0.063 11  0 C
2451600.67981 18.900 0.075 11  0 E
2451604.53049 18.801 0.051 11  0 C
2451606.54423 18.829 0.046 11  0 B
2451609.56348 18.776 0.050 11  0 B
2451610.60774 18.889 0.053 11  0 C
2451611.63918 18.818 0.047 11  0 D
2451612.53353 18.696 0.037 11  0 B
2451613.62494 18.790 0.058 11  0 D
2451614.52578 18.776 0.039 11  0 B
2451615.53068 18.661 0.040 11  0 A
2451616.54507 18.744 0.039 11  0 A
2451617.53004 18.875 0.044 11 40 A
2451618.53672 18.794 0.053 11  0 A
2451619.58581 18.839 0.055 11  0 A
2451620.60687 18.769 0.057 11  0 C
2451621.52501 18.853 0.062 11  0 B
2451622.59241 18.815 0.052 11  0 A
2451623.54732 18.694 0.048 11  0 B
2451624.55499 18.647 0.051 11  0 B
2451625.56694 18.703 0.064 11  0 E
2451626.65943 18.785 0.042 11  0 A
2451627.57457 18.696 0.056 11  0 C
2451628.51350 18.760 0.053 11  0 C
2451630.54040 18.700 0.058 11  0 D
2451631.53808 18.746 0.041 11  0 A
2451632.61624 18.771 0.043 11  0 B
2451633.52889 18.778 0.044 11  0 A
2451634.56853 18.783 0.041 11  0 B
2451635.53677 18.778 0.046 11  0 B
2451653.59409 18.819 0.059 11  0 D
2451656.57468 18.924 0.064 11  0 B
2451658.55215 18.800 0.051 11  0 C
2451661.48248 18.830 0.050 11  0 B
2451663.50763 18.808 0.050 11  0 A
2451665.52382 18.775 0.061 11  0 C
2451671.51970 18.788 0.063 11  0 C
2451766.90877 18.762 0.059 11  0 D
2451768.89615 18.735 0.049 11  0 C
2451782.88340 18.822 0.045 11  0 B
2451789.82932 18.804 0.031 11  0 A
2451804.77870 18.641 0.039 11  0 B
2451809.84067 18.742 0.030 11  0 A
2451812.86346 18.751 0.034 11  0 A
2451814.87862 18.833 0.040 11  0 A
2451817.88053 18.739 0.032 11  0 A
2451822.82435 18.712 0.037 11  0 D
2451828.88856 18.721 0.058 11  0 B
2451829.86012 18.834 0.051 11  0 A
2451843.83996 18.750 0.044 11  0 B
2451850.81976 18.718 0.045 11  0 C
2451855.82246 18.808 0.037 11  0 B
2451860.79568 18.835 0.054 11  0 B
2451863.76923 18.661 0.043 11  0 B
2451865.82407 18.764 0.035 11  0 B
2451867.79280 18.863 0.044 11  0 A
2451869.76626 18.852 0.044 11  0 B
2451872.76491 18.726 0.040 11  0 B
