2450726.83900 20.844 0.196 11  0 A
2450729.73440 21.061 0.307 11  0 D
2450741.78700 20.498 0.204 11  0 C
2450744.78175 21.015 0.313 11  0 B
2450745.86634 20.448 0.237 11  0 B
2450746.80251 21.086 0.342 11  0 B
2450747.74666 20.866 0.237 11  0 B
2450748.70422 20.981 0.321 11  0 D
2450749.83831 20.777 0.245 11  0 B
2450750.81499 21.095 0.326 11  0 B
2450751.81271 20.808 0.304 11  0 C
2450753.82027 20.369 0.179 11  0 C
2450754.76319 21.320 0.494 11  0 E
2450759.67242 21.230 0.346 11  0 C
2450761.80732 20.887 0.298 11  0 E
2450761.82244 20.893 0.255 11  0 B
2450769.79573 21.066 0.326 11  0 B
2450776.78379 21.385 0.423 11  0 B
2450778.81291 20.918 0.361 11  0 C
2450780.79264 20.998 0.273 11  0 B
2450782.77219 22.690 1.365 11  0 B
2450789.80455 20.827 0.280 11  0 C
2450792.71105 20.668 0.272 11  0 B
2450795.79647 20.866 0.224 11  0 A
2450796.75060 20.997 0.335 11  0 C
2450798.81527 21.236 0.401 11  0 B
2450817.71939 21.066 0.285 11  0 A
2450824.73771 21.519 0.546 11  0 A
2450826.70238 21.575 0.515 11  0 A
2450827.70278 21.139 0.336 11  0 B
2450828.69271 20.717 0.211 11  0 A
2450830.76818 20.899 0.319 11  0 B
2450831.55892 21.030 0.343 11  0 D
2450832.54169 20.835 0.326 11  0 D
2450833.56107 22.563 1.154 11  0 C
2450834.66709 21.322 0.396 11  0 B
2450835.65812 21.225 0.296 11  0 A
2450837.67824 20.821 0.167 11  0 A
2450838.72636 20.177 0.193 11  0 C
2450839.67671 21.271 0.389 11  0 D
2450841.71970 20.684 0.204 11  0 C
2450842.75585 21.215 0.421 11  0 C
2450843.79302 20.706 0.195 11  0 B
2450844.53559 21.275 0.436 11  0 D
2450846.78283 21.524 0.437 11  0 B
2450856.74374 20.974 0.417 11  0 C
2450857.74148 21.456 0.663 11  0 B
2450858.72804 20.720 0.253 11  0 B
2450859.77125 21.264 0.453 11  0 A
2450860.61734 21.576 0.536 11  0 A
2450866.59859 21.716 0.689 11  0 E
2450874.58197 20.674 0.220 11  0 B
2450876.61680 21.436 0.409 11  0 B
2450876.71895 20.470 0.184 11  0 B
2450878.62407 21.896 0.696 11  0 C
2450880.64053 21.138 0.361 11  0 B
2450887.68507 21.081 0.395 11  0 B
2450890.70858 20.940 0.448 11  0 E
2450891.54018 20.731 0.258 11  0 D
2450892.50831 21.437 0.522 11  0 D
2450893.67441 20.122 0.194 11  0 D
2450896.52405 20.862 0.283 11  0 B
2450900.57775 21.388 0.467 11  0 C
2450919.57881 21.421 0.646 11  0 B
2450925.58673 21.318 0.608 11  0 E
2450934.53828 21.562 0.745 11  0 C
2450937.55524 20.919 0.444 11  0 C
2450950.53198 20.916 0.332 11  0 A
2450952.52275 21.113 0.352 11  0 A
2450953.50339 20.404 0.253 11  0 B
2451074.83577 20.672 0.298 11  0 D
2451076.81748 20.709 0.261 11  0 D
2451080.77603 20.893 0.260 11  0 E
2451083.83925 20.095 0.156 11  0 D
2451084.83529 20.723 0.210 11  0 B
2451086.86011 20.975 0.286 11  0 C
2451090.74060 21.610 0.756 11  0 D
2451092.75754 21.173 0.483 11  0 B
2451093.79949 21.760 0.657 11  0 B
2451106.78358 20.826 0.197 11  0 B
2451108.80221 20.957 0.258 11  0 B
2451114.81054 20.956 0.223 11  0 B
2451120.75827 20.764 0.340 11  0 C
2451126.77928 22.723 1.946 11  0 D
2451129.84146 21.783 0.562 11  0 A
2451132.83711 21.291 0.369 11  0 B
2451135.78654 20.439 0.153 11  0 B
2451140.83563 20.804 0.204 11  0 B
2451142.78721 20.904 0.226 11  0 A
2451152.74498 20.464 0.243 11  0 C
2451154.77009 21.354 0.408 11  0 A
2451156.73503 21.428 0.467 11  0 D
2451158.80363 22.131 0.969 11  0 B
2451160.80103 21.138 0.338 11  0 C
2451164.78302 20.946 0.244 11  0 A
2451165.82873 24.133 6.201 11  0 C
2451167.75193 21.296 0.429 11  0 B
2451168.71128 20.862 0.312 11  0 C
2451171.75304 21.285 0.266 11  0 A
2451175.75226 21.332 0.425 11  0 D
2451179.80253 20.899 0.355 11  0 A
2451181.76345 19.794 0.157 11  0 A
2451184.70989 20.758 0.213 11  0 B
2451187.70139 21.077 0.348 11  0 A
2451188.71520 20.956 0.234 11  0 B
2451189.76425 20.786 0.201 11  0 A
2451191.77846 21.345 0.325 11  0 B
2451192.78687 20.951 0.231 11  0 A
2451193.82634 20.741 0.209 11  0 C
2451194.70193 23.024 2.156 11  0 C
2451201.79032 21.138 0.334 11  0 C
2451202.79946 20.461 0.189 11  0 B
2451204.70589 20.774 0.247 11  0 B
2451206.80600 21.135 0.294 11  0 B
2451207.71674 20.840 0.338 11  0 B
2451208.77980 22.038 0.919 11  0 A
2451212.77742 22.287 1.608 11  0 D
2451215.59319 21.009 0.244 11  0 B
2451216.70212 20.975 0.298 11  0 B
2451217.75144 20.838 0.286 11  0 B
2451219.66576 21.106 0.354 11  0 D
2451220.77309 21.090 0.386 11  0 B
2451221.63916 20.689 0.235 11  0 B
2451223.72817 21.008 0.309 11  0 D
2451226.61821 21.254 0.401 11  0 C
2451227.62305 21.105 0.301 11  0 B
2451230.68990 21.464 0.490 11  0 B
2451232.72903 21.721 0.702 11  0 C
2451235.62350 20.472 0.204 11  0 B
2451238.59509 21.275 0.534 11  0 C
2451240.71890 20.644 0.290 11  0 A
2451242.58842 20.811 0.319 11  0 C
2451243.68615 20.953 0.361 11  0 B
2451245.66298 21.335 0.506 11  0 C
2451248.54125 21.704 0.685 11  0 C
2451251.53916 21.529 0.753 11  0 E
2451255.54839 21.176 0.470 11  0 C
2451256.58967 20.628 0.226 11  0 B
2451258.62497 20.796 0.223 11  0 A
2451259.63259 20.771 0.202 11  0 A
2451261.58668 20.923 0.248 11  0 A
2451266.51927 21.217 0.522 11  0 B
2451267.57389 20.632 0.341 11  0 C
2451268.58724 20.809 0.337 11  0 C
2451274.59043 20.190 0.208 11  0 B
2451277.57527 21.933 0.781 11  0 B
2451279.56057 21.293 0.432 11  0 B
2451281.58278 20.221 0.189 11  0 A
2451289.47244 21.658 0.971 11  0 D
2451290.54189 21.252 0.525 11  0 B
2451298.47140 20.842 0.409 11  0 C
2451301.54567 20.725 0.341 11  0 C
2451305.57434 20.622 0.272 11 40 B
2451312.55103 20.341 0.274 11  0 C
2451317.48407 20.904 0.262 11  0 A
2451319.53548 20.551 0.284 11  0 B
2451329.46317 20.661 0.362 11  0 C
2451330.52775 20.834 0.465 11  0 B
2451335.48058 20.739 0.302 11  0 A
2451431.87944 20.969 0.263 11  0 B
2451433.87641 20.762 0.346 11  0 E
2451436.79397 20.825 0.264 11  0 B
2451439.88520 20.946 0.232 11  0 B
2451443.82537 20.886 0.470 11  0 F
2451447.83765 20.583 0.330 11  0 D
2451449.87945 20.889 0.417 11  0 D
2451454.84400 20.457 0.275 11  0 F
2451459.81099 21.396 0.502 11  0 C
2451461.84903 20.471 0.226 11  0 C
2451462.83939 21.093 0.399 11  0 E
2451471.83545 20.988 0.283 11  0 B
2451476.72809 22.293 1.109 11  0 A
2451478.80575 21.380 0.419 11  0 A
2451481.84420 20.862 0.324 11  0 C
2451484.79394 20.764 0.225 11  0 B
2451488.82623 20.812 0.245 11  0 A
2451491.80494 20.774 0.276 11  0 C
2451494.81033 21.991 0.945 11  0 B
2451496.69299 21.249 0.514 11  0 C
2451498.71472 20.797 0.249 11  0 B
2451502.71079 21.644 0.670 11  0 C
2451507.74653 20.733 0.267 11  0 A
2451508.64874 21.001 0.296 11  0 A
2451509.81299 20.817 0.254 11  0 A
2451510.83670 21.275 0.393 11  0 A
2451511.66821 21.106 0.362 11  0 A
2451514.71636 22.501 1.405 11 40 D
2451516.68577 21.253 0.346 11  0 A
2451518.65777 20.995 0.302 11  0 B
2451520.68338 21.630 0.578 11  0 A
2451522.76358 20.755 0.223 11  0 B
2451524.82353 21.042 0.308 11  0 A
2451526.66119 21.323 0.403 11  0 B
2451527.82745 21.004 0.281 11  0 B
2451529.73066 21.519 0.441 11  0 B
2451531.83338 20.954 0.264 11  0 B
2451538.78954 21.131 0.373 11  0 B
2451542.81419 20.908 0.303 11  0 B
2451543.84690 21.598 0.570 11  0 B
2451544.75603 21.360 0.354 11  0 B
2451548.78888 20.504 0.207 11  0 A
2451549.80147 21.032 0.273 11  0 A
2451552.72480 21.057 0.255 11  0 A
2451553.79976 20.851 0.266 11  0 A
2451554.81501 21.088 0.246 11  0 A
2451555.80898 21.264 0.363 11  0 B
2451562.80097 20.944 0.323 11  0 A
2451566.65040 20.490 0.240 11  0 B
2451568.67203 20.875 0.296 11  0 B
2451571.73675 20.691 0.247 11  0 B
2451574.78877 20.928 0.225 11  0 A
2451576.64261 21.278 0.446 11  0 A
2451578.74295 20.958 0.365 11  0 B
2451581.69226 21.747 0.682 11  0 D
2451583.73156 20.679 0.292 11  0 C
2451585.67765 21.394 0.485 11  0 C
2451588.65239 20.419 0.231 11  0 C
2451595.63188 21.077 0.401 11  0 B
2451596.74511 21.668 0.825 11  0 B
2451599.73705 20.682 0.274 11  0 B
2451600.71461 20.980 0.453 11  0 D
2451601.74289 21.094 0.423 11  0 B
2451602.72440 21.089 0.359 11  0 B
2451605.51572 20.488 0.215 11  0 B
2451606.69107 20.613 0.264 11  0 B
2451609.70450 20.842 0.266 11  0 B
2451610.72209 21.272 0.619 11  0 D
2451611.69942 21.162 0.388 11  0 D
2451613.69007 21.583 0.834 11  0 E
2451614.68561 21.676 0.753 11  0 C
2451615.70006 20.827 0.317 11  0 C
2451617.68130 20.970 0.291 11  0 A
2451618.67969 20.805 0.374 11  0 C
2451620.49746 20.638 0.292 11  0 C
2451621.67659 21.953 1.233 11  0 E
2451623.66245 21.107 0.446 11  0 A
2451625.66689 20.360 0.196 11  0 B
2451626.66789 21.326 0.412 11  0 A
2451628.65620 20.453 0.202 11  0 A
2451630.67543 21.480 0.444 11  0 A
2451633.63874 21.685 0.512 11  0 A
2451634.63216 20.985 0.318 11  0 B
2451635.64585 20.885 0.335 11  0 C
2451644.59596 20.897 0.260 11  0 A
2451653.55554 20.659 0.313 11  0 A
2451655.59131 21.891 0.938 11  0 B
2451657.58047 20.031 0.221 11  0 D
2451659.58410 20.497 0.263 11  0 B
2451662.57358 20.724 0.291 11  0 B
2451665.55558 21.179 0.600 11  0 D
2451671.53341 20.543 0.299 11  0 B
2451695.50112 21.752 0.846 11  0 B
2451783.90570 20.992 0.292 11  0 B
2451788.87860 21.050 0.331 11  0 C
2451809.85987 20.822 0.190 11  0 B
2451815.86834 21.285 0.372 11  0 C
2451822.74999 21.542 0.532 11  0 B
2451830.85824 21.448 0.543 11  0 A
2451851.80631 21.959 1.002 11  0 E
2451858.73819 20.691 0.340 11  0 D
2451861.76595 20.600 0.221 11  0 B
2451863.80780 21.132 0.270 11  0 A
2451866.75848 20.539 0.180 11  0 A
2451868.76289 20.859 0.195 11  0 A
2451869.79741 20.719 0.250 11  0 C
2451872.78093 20.606 0.214 11  0 C
