2450455.64171 20.775 0.127 11  0 A
2450455.72309 20.677 0.117 11  0 A
2450455.77068 20.705 0.141 11  0 B
2450456.59075 21.070 0.191 11  0 C
2450456.64049 20.992 0.200 11  0 C
2450456.71122 20.594 0.140 11  0 B
2450456.75867 20.463 0.096 11  0 A
2450456.81013 20.699 0.141 11  0 B
2450457.55847 20.820 0.170 11  0 B
2450457.60240 20.603 0.115 11  0 A
2450457.66108 20.592 0.124 11  0 A
2450457.71964 20.475 0.099 11  0 A
2450457.77829 20.552 0.120 11  0 A
2450458.63480 20.921 0.167 11  0 C
2450458.69350 21.381 0.357 11  0 D
2450459.55207 20.290 0.138 11  0 D
2450459.59824 20.574 0.147 11  0 B
2450459.65680 20.539 0.113 11  0 A
2450459.71624 20.657 0.122 11  0 A
2450459.76008 20.652 0.129 11  0 A
2450459.80389 21.618 0.324 11  0 A
2450461.56296 20.789 0.144 11  0 B
2450461.60677 20.610 0.128 11  0 A
2450461.66538 20.900 0.154 11  0 A
2450461.73156 20.864 0.138 11  0 A
2450461.79355 20.463 0.125 11  0 B
2450462.56347 20.480 0.107 11  0 B
2450462.62211 20.620 0.108 11  0 A
2450462.66811 20.707 0.120 11  0 A
2450465.66693 20.497 0.150 11  0 C
2450465.71461 20.608 0.165 11  0 C
2450465.79946 20.563 0.135 11  0 B
2450466.65070 20.806 0.175 11  0 B
2450466.71722 20.591 0.130 11  0 B
2450466.80219 21.525 0.324 11  0 C
2450467.65434 20.997 0.175 11  0 A
2450467.75895 21.059 0.198 11  0 A
2450467.82489 20.795 0.164 11  0 A
2450468.66103 20.382 0.144 11  0 C
2450468.73122 20.534 0.122 11  0 A
2450468.78981 20.735 0.139 11  0 A
2450468.82638 21.091 0.172 11  0 B
2450469.66190 20.591 0.176 11  0 B
2450469.74002 20.452 0.136 11  0 A
2450469.79894 20.349 0.133 11  0 A
2450470.73669 20.437 0.148 11  0 B
2450471.64775 21.149 0.239 11  0 A
2450471.78451 21.125 0.294 11  0 B
2450472.62231 20.852 0.212 11  0 B
2450472.66619 20.972 0.210 11  0 B
2450472.71000 21.829 0.553 11  0 B
2450472.77591 21.244 0.342 11  0 B
2450473.68998 21.520 0.639 11  0 D
2450474.70188 21.197 0.281 11  0 B
2450474.76833 20.436 0.193 11  0 E
2450475.53629 20.753 0.206 11  0 D
2450475.59508 21.013 0.245 11  0 C
2450475.66122 22.323 0.911 11  0 C
2450475.71334 20.821 0.239 11  0 D
2450475.76044 20.159 0.176 11  0 F
2450476.74605 20.604 0.182 11  0 C
2450477.53304 20.981 0.229 11  0 B
2450477.58431 20.693 0.133 11  0 A
2450477.73178 20.526 0.109 11  0 A
2450477.81266 20.503 0.143 11  0 A
2450477.85688 20.860 0.210 11  0 B
2450478.53916 20.683 0.169 11  0 B
2450478.75958 20.731 0.142 11  0 A
2450478.81854 21.128 0.207 11  0 B
2450479.53801 21.245 0.275 11  0 C
2450479.58191 20.527 0.108 11  0 B
2450479.75938 20.784 0.179 11  0 B
2450479.81954 20.842 0.228 11  0 B
2450480.57406 21.423 0.325 11  0 C
2450480.65523 20.587 0.127 11  0 B
2450480.74878 20.341 0.108 11  0 B
2450480.79292 20.907 0.202 11  0 C
2450481.55926 20.763 0.164 11  0 B
2450481.70765 20.643 0.133 11  0 A
2450481.75161 20.527 0.132 11  0 B
2450481.79557 20.640 0.144 11  0 B
2450482.70847 20.563 0.130 11  0 B
2450482.78640 21.529 0.316 11  0 B
2450483.57476 20.637 0.179 11  0 D
2450483.61918 20.662 0.162 11  0 C
2450483.66308 20.838 0.179 11  0 C
2450483.70706 21.064 0.196 11  0 B
2450483.75096 21.178 0.242 11  0 B
2450483.79488 20.791 0.188 11  0 C
2450484.57342 20.723 0.190 11  0 B
2450484.68210 20.743 0.185 11  0 B
2450484.72648 21.248 0.273 11  0 B
2450484.77046 20.816 0.164 11  0 A
2450485.57707 20.422 0.109 11  0 A
2450485.72398 20.730 0.152 11  0 B
2450485.76813 20.694 0.159 11  0 C
2450486.57357 21.030 0.210 11  0 B
2450486.61911 20.904 0.174 11  0 B
2450486.71564 20.610 0.148 11  0 B
2450486.76084 20.855 0.177 11  0 B
2450487.60055 20.576 0.115 11  0 B
2450487.64875 21.224 0.209 11  0 B
2450487.69658 21.131 0.181 11  0 B
2450487.74072 21.662 0.358 11  0 C
2450487.78489 20.680 0.150 11  0 C
2450488.58602 20.592 0.131 11  0 B
2450488.63002 20.997 0.165 11  0 A
2450488.69886 20.771 0.178 11  0 B
2450488.74287 21.482 0.302 11  0 B
2450488.78694 21.198 0.277 11  0 C
2450489.56179 20.460 0.106 11  0 B
2450489.65077 20.797 0.140 11  0 A
2450489.69468 20.796 0.144 11  0 A
2450489.73860 20.941 0.171 11  0 A
2450489.78262 20.641 0.142 11  0 B
2450490.55501 20.783 0.118 11  0 A
2450490.69221 20.946 0.182 11  0 B
2450490.73632 20.912 0.163 11  0 A
2450490.78032 21.699 0.356 11 40 A
2450491.57953 20.629 0.150 11  0 D
2450491.63134 20.590 0.115 11  0 B
2450491.67546 20.712 0.152 11  0 B
2450491.78888 21.256 0.280 11  0 B
2450492.56372 21.060 0.272 11  0 C
2450492.63805 20.596 0.150 11 40 C
2450492.68390 20.749 0.198 11  0 E
2450493.56674 21.170 0.218 11  0 A
2450493.61124 20.687 0.157 11  0 B
2450494.56146 20.393 0.128 11  0 B
2450494.60537 20.737 0.168 11  0 D
2450494.64964 20.816 0.177 11  0 B
2450494.69392 20.564 0.134 11  0 B
2450494.73893 20.876 0.188 11  0 B
2450495.56424 20.463 0.164 11  0 C
2450495.63790 20.268 0.124 11 40 C
2450495.69139 21.412 0.515 11  0 D
2450496.55965 21.035 0.243 11  0 B
2450496.60440 22.284 0.928 11  0 D
2450496.64848 20.815 0.216 11  0 C
2450496.69338 20.296 0.194 11  0 E
2450497.73284 21.133 0.302 11  0 B
2450498.55873 20.580 0.142 11  0 B
2450498.60278 20.856 0.163 11  0 A
2450498.71652 20.577 0.141 11  0 A
2450498.76045 20.205 0.109 11  0 B
2450499.55369 20.918 0.192 11  0 B
2450499.59937 21.002 0.198 11  0 A
2450499.73967 20.597 0.180 11  0 C
2450500.56663 20.511 0.170 11  0 B
2450500.59640 20.520 0.180 11  0 C
2450500.64127 20.416 0.178 11  0 C
2450500.69244 20.300 0.135 11  0 B
2450500.73687 21.000 0.305 11  0 C
2450501.56058 20.918 0.226 11  0 B
2450501.67933 21.197 0.355 11  0 B
2450507.54898 20.699 0.127 11  0 B
2450507.59421 20.759 0.158 11  0 B
2450507.66601 20.344 0.167 11  0 E
2450509.54488 20.747 0.170 11  0 B
2450509.59195 20.628 0.176 11  0 B
2450509.64427 20.475 0.162 11  0 B
2450510.58651 20.289 0.120 11  0 C
2450510.63208 20.761 0.208 11  0 C
2450510.67967 20.577 0.185 11  0 D
2450511.67196 20.541 0.190 11  0 E
2450512.57860 20.406 0.129 11  0 D
2450512.62698 21.641 0.492 11  0 D
2450512.70126 20.825 0.190 11  0 B
2450512.74679 21.035 0.201 11  0 B
2450513.55891 20.413 0.134 11  0 D
2450513.60449 21.246 0.232 11  0 B
2450513.69616 20.353 0.102 11  0 A
2450513.74341 20.546 0.136 11  0 B
2450514.56716 20.857 0.162 11  0 A
2450514.63622 20.884 0.180 11  0 B
2450514.68656 20.921 0.198 11  0 B
2450514.73342 20.861 0.179 11  0 B
2450515.56131 20.713 0.136 11  0 A
2450515.61606 20.342 0.091 11 40 A
2450515.66427 20.693 0.159 11  0 A
2450516.56760 20.487 0.154 11  0 C
2450516.62178 20.620 0.164 11  0 B
2450516.66877 20.785 0.180 11  0 B
2450516.71531 20.685 0.158 11  0 B
2450517.56560 20.893 0.219 11  0 C
2450517.61545 20.987 0.255 11  0 C
2450517.66543 20.812 0.211 11  0 C
2450517.71161 20.546 0.152 11  0 B
2450518.60294 20.795 0.201 11  0 C
2450518.64820 21.062 0.256 11  0 B
2450518.69727 21.107 0.318 11  0 C
2450519.56358 21.061 0.175 11  0 A
2450519.61020 21.023 0.168 11  0 A
2450519.67773 20.306 0.152 11  0 E
2450520.70437 20.785 0.208 11  0 C
2450521.55986 20.174 0.107 11  0 C
2450521.60501 20.337 0.189 11  0 F
2450521.66777 20.455 0.166 11  0 D
2450523.56896 20.361 0.162 11  0 E
2450523.62136 20.739 0.175 11  0 C
2450523.67124 20.918 0.212 11  0 C
2450524.56124 20.680 0.188 11  0 C
2450524.61135 20.663 0.229 11  0 D
2450526.54852 20.065 0.166 11  0 F
2450526.65052 20.276 0.174 11  0 F
2450527.67370 21.415 0.393 11  0 C
2450530.56383 20.219 0.155 11  0 D
2450531.56121 21.273 0.349 11  0 C
2450532.55068 20.656 0.190 11  0 C
2450533.56796 20.874 0.257 11  0 E
2450534.55713 21.041 0.311 11  0 E
2450534.60130 21.060 0.319 11  0 D
2450534.65305 20.762 0.253 11  0 E
2450535.54176 21.067 0.213 11  0 D
2450535.60206 21.002 0.291 11  0 E
2450535.67577 21.071 0.352 11  0 E
2450536.52082 21.415 0.338 11  0 D
2450536.56608 20.457 0.153 11  0 D
2450536.61657 19.965 0.117 11 40 E
2450537.51548 20.480 0.137 11  0 D
2450537.61568 20.503 0.146 11  0 C
2450537.66253 22.107 0.648 11  0 C
2450538.50348 20.823 0.202 11  0 D
2450538.55524 20.457 0.134 11  0 D
2450539.51211 20.610 0.159 11  0 B
2450539.62323 20.533 0.144 11  0 B
2450539.66731 21.265 0.264 11  0 B
2450540.54233 20.819 0.288 11  0 F
2450540.67336 20.424 0.139 11  0 B
2450541.52250 20.801 0.168 11  0 D
2450541.57955 20.761 0.170 11  0 C
2450542.51158 21.003 0.200 11  0 B
2450542.56349 20.767 0.172 11  0 C
2450542.61095 20.844 0.188 11  0 C
2450542.65509 20.683 0.181 11  0 C
2450543.54978 20.697 0.171 11  0 D
2450543.59387 20.645 0.161 11  0 C
2450543.63095 20.546 0.146 11  0 B
2450543.67496 21.454 0.360 11  0 B
2450544.50260 20.936 0.201 11  0 C
2450544.54691 20.505 0.159 11  0 D
2450544.59117 20.431 0.149 11  0 D
2450544.63638 21.449 0.346 11  0 C
2450551.49233 21.008 0.192 11  0 B
2450552.50062 21.448 0.365 11  0 B
2450553.50907 21.111 0.325 11  0 A
2450553.61981 20.505 0.247 11  0 C
2450554.48582 21.833 0.649 11  0 B
2450559.52329 21.653 0.554 11  0 C
2450561.50141 20.504 0.186 11  0 B
2450562.50292 20.877 0.330 11  0 D
2450565.50990 20.951 0.306 11  0 B
2450566.50392 20.490 0.170 11  0 A
2450567.50499 20.759 0.185 11  0 A
2450569.50008 21.314 0.428 11  0 C
2450571.48588 20.767 0.253 11  0 B
2450572.51473 20.195 0.162 11  0 B
2450573.51858 20.966 0.384 11  0 E
2450574.47699 21.159 0.302 11  0 A
2450575.47563 21.063 0.383 11  0 C
2450577.48459 21.772 0.776 11  0 B
2450578.49761 20.476 0.165 11  0 A
2450583.48305 20.796 0.236 11  0 A
2450672.86841 20.441 0.136 11  0 C
2450689.89889 21.317 0.324 11  0 B
2450699.90229 20.467 0.160 11  0 B
2450701.81921 21.313 0.451 11  0 C
2450704.86169 20.700 0.219 11  0 C
2450706.84316 21.333 0.488 11  0 D
2450714.81057 20.477 0.145 11  0 B
2450716.77515 21.003 0.234 11  0 B
2450720.83152 20.842 0.275 11  0 C
2450728.77038 20.828 0.225 11  0 B
2450729.77037 20.284 0.146 11  0 C
2450730.72594 20.863 0.236 11  0 C
2450733.81690 20.282 0.209 11  0 F
2450741.82018 21.707 0.554 11  0 B
2450745.77499 20.449 0.193 11  0 D
2450747.82342 20.749 0.194 11  0 A
2450753.77136 20.864 0.251 11  0 C
2450759.81182 20.958 0.265 11  0 D
2450766.78599 21.293 0.477 11  0 B
2450772.80509 20.814 0.209 11  0 B
2450775.78680 20.598 0.144 11  0 A
2450779.80544 21.235 0.328 11  0 B
2450781.82233 20.820 0.218 11  0 B
2450787.78188 20.640 0.192 11  0 B
2450789.76586 20.153 0.134 11 40 B
2450790.77638 22.058 0.733 11  0 C
2450795.73398 20.631 0.170 11  0 A
2450796.80583 20.492 0.189 11  0 A
2450797.73365 21.632 0.470 11  0 A
2450798.70562 20.862 0.193 11  0 A
2450805.79053 21.094 0.375 11  0 C
2450816.76156 20.557 0.161 11  0 A
2450817.68078 21.256 0.302 11  0 B
2450819.78046 21.055 0.289 11  0 B
2450822.79464 20.492 0.131 11  0 A
2450824.82394 20.704 0.178 11  0 A
2450826.64743 20.818 0.220 11  0 A
2450829.71804 20.852 0.285 11  0 D
2450832.67423 20.944 0.267 11  0 A
2450836.77304 20.115 0.163 11  0 B
2450840.65243 22.049 0.914 11  0 C
2450843.65291 21.282 0.269 11  0 A
2450850.62648 20.645 0.181 11  0 B
2450854.65724 20.304 0.223 11  0 D
2450855.63122 20.588 0.230 11  0 B
2450856.59751 21.256 0.442 11  0 C
2450858.57011 20.568 0.199 11  0 B
2450875.54543 20.875 0.230 11  0 C
2450879.63195 20.715 0.288 11  0 B
2450880.53104 20.678 0.219 11  0 C
2450887.54432 20.782 0.271 11  0 B
2450892.62786 21.277 0.416 11  0 B
2450895.51876 20.392 0.228 11  0 D
2450898.52556 21.300 0.278 11  0 A
2450922.59296 20.829 0.334 11  0 D
2450933.55059 20.304 0.181 11  0 B
2450951.54020 20.548 0.171 11  0 A
2451045.87227 22.576 1.622 11  0 D
2451051.85883 20.427 0.207 11  0 E
2451052.89404 20.656 0.244 11  0 C
2451053.87419 20.766 0.222 11  0 D
2451054.88992 20.546 0.168 11  0 C
2451059.87518 20.802 0.336 11  0 E
2451061.88491 20.464 0.243 11  0 D
2451068.86929 20.842 0.218 11  0 C
2451069.87998 20.804 0.236 11  0 B
2451071.89702 20.445 0.205 11  0 D
2451081.85743 20.963 0.219 11  0 B
2451087.80450 20.430 0.165 11  0 C
2451095.78871 20.585 0.268 11  0 F
2451102.78942 20.433 0.109 11  0 A
2451106.84447 20.655 0.147 11  0 A
2451107.77223 20.605 0.187 11  0 B
2451113.78502 21.130 0.313 11  0 D
2451119.78976 21.296 0.398 11  0 B
2451126.81165 20.600 0.171 11  0 B
2451131.68359 20.270 0.188 11  0 E
2451132.73558 20.375 0.167 11  0 C
2451136.76884 21.063 0.282 11  0 B
2451138.79302 20.560 0.148 11  0 A
2451142.66003 21.411 0.330 11  0 B
2451144.72897 20.388 0.140 11  0 C
2451151.75481 20.676 0.212 11  0 A
2451155.75407 20.829 0.224 11  0 A
2451158.75164 21.094 0.250 11  0 A
2451161.72957 20.777 0.170 11  0 A
2451165.75026 20.770 0.180 11  0 A
2451169.74519 20.496 0.163 11  0 C
2451174.71900 20.311 0.118 11  0 B
2451179.73582 20.728 0.279 11  0 B
2451181.80788 21.652 0.559 11  0 A
2451186.76232 20.787 0.178 11  0 A
2451187.82358 21.321 0.300 11  0 A
2451188.75158 20.657 0.146 11  0 A
2451196.70229 20.830 0.317 11  0 E
2451201.71120 21.245 0.381 11  0 D
2451203.72959 20.842 0.224 11  0 B
2451211.62570 20.749 0.208 11  0 A
2451214.62657 21.321 0.395 11  0 B
2451217.60146 20.791 0.174 11  0 A
2451220.60629 20.721 0.196 11  0 A
2451223.63250 21.568 0.491 11  0 B
2451225.57346 20.816 0.209 11  0 A
2451227.65399 21.088 0.267 11  0 D
2451231.54986 20.591 0.207 11  0 B
2451234.59810 21.081 0.322 11  0 C
2451236.60558 20.696 0.237 11  0 C
2451240.55605 20.214 0.148 11 40 B
2451242.65978 20.574 0.227 11  0 B
2451244.60722 20.986 0.288 11  0 C
2451247.53993 20.744 0.269 11  0 C
2451252.65583 20.875 0.310 11  0 D
2451256.52471 20.653 0.285 11  0 C
2451260.54879 20.971 0.315 11  0 B
2451265.52513 21.121 0.322 11  0 A
2451273.57102 20.553 0.269 11  0 C
2451277.50730 20.357 0.195 11  0 B
2451288.50559 21.365 0.522 11  0 B
2451290.57296 20.806 0.292 11  0 B
2451296.51034 20.710 0.255 11  0 A
2451298.54826 20.315 0.180 11 40 A
2451301.48996 20.745 0.281 11  0 B
2451305.53577 20.463 0.203 11  0 B
2451308.46529 20.755 0.264 11  0 B
2451313.51176 20.944 0.387 11  0 C
2451319.47986 20.676 0.230 11  0 A
2451412.83819 20.128 0.184 11  0 E
2451418.83541 20.814 0.276 11  0 C
2451430.88990 20.820 0.204 11  0 B
2451432.82374 22.145 0.837 11  0 C
2451437.78367 20.815 0.255 11  0 E
2451440.83135 20.265 0.195 11  0 E
2451447.86895 21.102 0.423 11  0 E
2451451.76406 20.880 0.316 11  0 D
2451458.85502 20.586 0.224 11  0 C
2451459.77067 20.656 0.245 11  0 D
2451470.83533 20.660 0.181 11  0 A
2451475.74792 20.962 0.280 11  0 A
2451478.83817 21.030 0.285 11  0 B
2451481.67699 20.707 0.271 11  0 D
2451487.70637 21.100 0.281 11  0 B
2451490.70319 20.556 0.232 11  0 C
2451492.69630 20.610 0.240 11  0 C
2451495.69482 20.782 0.229 11  0 B
2451497.82100 21.875 0.881 11  0 C
2451499.65263 20.677 0.292 11  0 D
2451502.64781 20.769 0.321 11  0 E
2451505.68842 21.215 0.416 11  0 A
2451507.82192 20.831 0.278 11  0 B
2451510.79792 20.873 0.228 11  0 A
2451514.80574 20.620 0.216 11  0 C
2451517.64120 20.859 0.297 11  0 C
2451519.71487 20.559 0.176 11  0 A
2451521.65060 22.018 0.736 11  0 B
2451523.77135 21.136 0.388 11  0 C
2451525.76570 21.063 0.255 11  0 B
2451527.69464 21.094 0.270 11  0 A
2451528.74101 20.693 0.168 11  0 A
2451529.76214 20.910 0.216 11  0 B
2451531.75523 20.765 0.230 11  0 B
2451538.71181 20.466 0.180 11  0 B
2451541.66791 20.565 0.130 11  0 A
2451542.69779 20.625 0.217 11  0 B
2451544.62375 21.187 0.307 11  0 B
2451547.75069 20.273 0.110 11  0 A
2451548.72829 20.456 0.160 11  0 B
2451549.72254 20.416 0.120 11  0 A
2451552.58730 21.758 0.560 11  0 C
2451554.71377 20.330 0.128 11  0 B
2451555.72051 20.433 0.167 11  0 B
2451562.72344 20.120 0.171 11  0 C
2451564.60203 20.413 0.233 11  0 B
2451567.69465 20.322 0.206 11  0 E
2451570.59997 20.389 0.194 11  0 C
2451574.77244 20.861 0.202 11  0 A
2451577.72415 20.761 0.222 11  0 B
2451580.75821 20.941 0.279 11  0 A
2451583.64355 21.285 0.359 11  0 B
2451585.73017 20.516 0.159 11  0 A
2451588.73786 20.729 0.318 11  0 D
2451593.57209 21.049 0.385 11  0 A
2451595.72589 20.116 0.191 11  0 C
2451599.62768 20.704 0.189 11  0 A
2451601.70376 20.638 0.286 11  0 C
2451604.58525 21.363 0.480 11  0 D
2451606.62020 20.868 0.284 11  0 C
2451609.66153 21.118 0.313 11  0 B
2451610.64662 20.525 0.221 11  0 C
2451613.53766 21.349 0.502 11  0 D
2451615.56962 20.747 0.216 11  0 B
2451617.64095 20.788 0.212 11  0 A
2451619.62464 20.835 0.302 11  0 A
2451622.52596 20.618 0.263 11  0 B
2451624.52251 21.051 0.393 11  0 C
2451626.52336 20.115 0.168 11 40 D
2451627.64448 20.475 0.225 11 40 C
2451629.52346 20.372 0.164 11  0 B
2451630.60491 20.980 0.274 11  0 A
2451632.54145 20.783 0.280 11  0 B
2451634.51915 20.693 0.224 11  0 B
2451643.51112 20.350 0.199 11  0 B
2451654.54850 21.371 0.432 11  0 A
2451656.53471 21.366 0.462 11  0 C
2451659.54214 20.405 0.203 11  0 B
2451661.56613 20.915 0.322 11  0 C
2451664.52780 21.306 0.426 11  0 B
2451672.54373 21.788 0.816 11  0 B
2451769.88659 21.457 0.541 11  0 D
2451772.89326 20.593 0.205 11  0 B
2451775.89435 20.632 0.228 11  0 A
2451784.87893 20.312 0.188 11  0 B
2451789.86764 20.571 0.133 11  0 A
2451804.81726 21.045 0.333 11  0 C
2451812.81235 20.681 0.185 11  0 A
2451816.82369 21.895 0.532 11 40 B
2451821.81426 20.885 0.230 11  0 C
2451823.85640 21.145 0.223 11  0 A
2451826.83949 20.852 0.255 11  0 B
2451829.81320 20.230 0.184 11  0 B
2451830.82653 20.418 0.201 11  0 A
2451834.86548 20.550 0.209 11  0 C
2451859.80261 20.793 0.246 11  0 B
2451861.81982 21.179 0.373 11  0 C
2451864.79726 20.819 0.217 11  0 B
2451865.77741 20.876 0.216 11  0 A
2451868.81682 20.916 0.172 11  0 A
2451870.75012 21.010 0.231 11  0 B
2451871.83408 20.264 0.194 11  0 E
2451873.79365 21.009 0.256 11  0 A
