2450455.69739 19.760 0.052 11  0 A
2450456.67852 19.876 0.081 11  0 E
2450456.78806 20.051 0.070 11  0 A
2450457.63900 19.936 0.070 11  0 A
2450457.69762 19.800 0.054 11  0 A
2450457.81490 19.885 0.083 11  0 B
2450458.67142 19.968 0.086 11  0 C
2450459.63477 19.980 0.067 11  0 A
2450459.84042 20.134 0.100 11  0 B
2450461.64334 19.846 0.063 11  0 A
2450461.77156 19.910 0.066 11  0 A
2450462.60011 19.858 0.064 11  0 A
2450465.75128 19.787 0.065 11  0 B
2450466.83886 19.935 0.068 11  0 B
2450469.77672 19.948 0.118 11  0 D
2450470.79460 20.290 0.169 11 40 D
2450472.81253 19.832 0.091 11  0 B
2450473.72822 20.380 0.190 11 40 C
2450475.57306 19.802 0.081 11  0 C
2450477.79063 19.852 0.071 11  0 A
2450478.79634 19.924 0.074 11  0 C
2450479.79660 19.781 0.076 11  0 B
2450480.63307 19.914 0.070 11  0 C
2450481.53090 20.022 0.104 11  0 C
2450482.82358 19.837 0.077 11  0 C
2450483.52903 19.766 0.077 11  0 D
2450484.52722 19.814 0.104 11  0 C
2450485.53179 19.856 0.080 11  0 C
2450486.52396 19.907 0.084 11  0 B
2450487.55135 19.980 0.088 11  0 D
2450488.56373 19.867 0.067 11  0 B
2450489.52380 19.967 0.073 11  0 B
2450490.53247 19.855 0.061 11  0 B
2450491.53403 19.950 0.082 11  0 C
2450492.51918 19.667 0.084 11  0 E
2450493.52232 20.117 0.083 11  0 A
2450494.51729 20.157 0.117 11  0 C
2450494.77677 19.984 0.067 11  0 A
2450495.51937 19.884 0.095 11  0 D
2450496.51454 19.934 0.117 11  0 C
2450496.73094 20.319 0.187 11  0 D
2450498.51388 19.916 0.112 11  0 D
2450499.77630 19.735 0.102 11  0 C
2450500.77379 19.742 0.110 11  0 C
2450501.53833 19.875 0.096 11  0 B
2450507.52453 19.672 0.069 11  0 C
2450508.56715 19.855 0.093 11  0 E
2450509.52170 20.195 0.117 11  0 C
2450510.55240 19.878 0.098 11  0 D
2450510.71763 20.718 0.388 11  0 D
2450511.61703 19.942 0.104 11  0 E
2450512.55137 19.891 0.100 11  0 E
2450513.53549 19.974 0.109 11  0 E
2450513.64730 19.900 0.059 11  0 A
2450514.51513 19.868 0.117 11  0 E
2450514.61060 19.928 0.059 11  0 A
2450515.51179 19.788 0.064 11  0 B
2450516.51529 19.799 0.093 11  0 D
2450517.51483 19.756 0.086 11  0 C
2450518.55169 19.833 0.069 11  0 B
2450519.50474 19.942 0.074 11  0 B
2450519.65424 19.712 0.073 11  0 C
2450519.73208 20.055 0.111 11  0 C
2450520.67098 19.952 0.097 11  0 C
2450521.50690 19.964 0.113 11  0 D
2450521.64444 19.771 0.094 11  0 E
2450521.70821 19.614 0.099 11  0 E
2450523.51216 19.857 0.111 11  0 F
2450524.49765 19.908 0.122 11  0 E
2450524.53769 20.042 0.102 11  0 C
2450525.56085 19.893 0.084 11  0 C
2450526.50102 19.846 0.105 11  0 E
2450526.59675 19.923 0.098 11  0 E
2450527.49581 19.985 0.095 11  0 C
2450530.53554 19.729 0.095 11  0 D
2450530.63315 20.002 0.187 11  0 E
2450531.60760 19.798 0.153 11  0 E
2450533.62213 19.920 0.119 11  0 E
2450536.65892 20.097 0.133 11  0 D
2450540.49709 19.583 0.071 11  0 E
2450552.60886 19.680 0.086 11  0 C
2450554.52321 19.815 0.104 11  0 B
2450560.53863 19.861 0.159 11  0 B
2450561.47914 19.777 0.101 11  0 A
2450562.47118 19.627 0.114 11  0 E
2450673.82532 20.007 0.110 11  0 D
2450689.85155 19.926 0.121 11  0 D
2450699.79761 20.360 0.200 11  0 E
2450704.83666 20.177 0.151 11  0 D
2450706.78297 19.528 0.128 11  0 E
2450715.80221 19.970 0.118 11  0 D
2450720.78228 20.208 0.191 11  0 E
2450722.81274 19.928 0.091 11  0 B
2450726.77076 20.183 0.123 11  0 B
2450728.81052 20.069 0.116 11  0 B
2450729.86534 20.097 0.128 11  0 C
2450733.76620 19.817 0.148 11  0 F
2450741.86100 19.907 0.105 11  0 B
2450744.86647 19.913 0.113 11  0 B
2450745.70814 20.045 0.114 11  0 C
2450747.77515 19.770 0.079 11  0 B
2450748.72929 19.989 0.100 11  0 C
2450751.71247 19.805 0.106 11  0 D
2450755.67275 19.744 0.136 11  0 E
2450759.78586 19.990 0.092 11  0 D
2450760.76235 19.986 0.107 11  0 B
2450761.84732 19.747 0.091 11  0 C
2450765.78891 20.061 0.123 11  0 A
2450769.77970 19.689 0.093 11  0 A
2450774.78625 19.969 0.108 11  0 B
2450778.76962 19.749 0.121 11  0 C
2450780.84039 19.988 0.102 11  0 B
2450781.77447 19.980 0.108 11  0 C
2450783.82345 19.850 0.067 11  0 A
2450788.78554 19.974 0.077 11  0 A
2450789.74196 19.947 0.100 11  0 A
2450792.78202 19.938 0.130 11  0 B
2450795.84373 19.879 0.090 11  0 A
2450797.84190 20.113 0.123 11  0 A
2450798.83895 20.199 0.143 11  0 A
2450805.76432 20.091 0.154 11  0 E
2450816.70669 20.005 0.099 11  0 A
2450817.81293 19.896 0.114 11  0 B
2450818.84886 19.854 0.095 11 40 B
2450819.84289 20.040 0.142 11  0 B
2450822.77108 19.938 0.092 11  0 A
2450825.73033 19.977 0.129 11  0 C
2450827.64086 19.875 0.088 11  0 A
2450828.82542 19.984 0.112 11  0 B
2450829.65992 19.918 0.151 11  0 F
2450830.79130 19.660 0.091 11  0 B
2450831.63654 19.896 0.108 11  0 D
2450832.71270 20.042 0.111 11  0 A
2450834.75989 20.154 0.194 11 40 E
2450837.80487 19.843 0.064 11  0 A
2450839.59172 20.036 0.102 11  0 C
2450841.81371 19.945 0.105 11  0 B
2450844.64694 19.785 0.091 11  0 C
2450850.66798 19.745 0.094 11  0 C
2450854.72874 20.253 0.193 11 40 B
2450856.73535 19.849 0.142 11  0 D
2450858.61665 19.683 0.108 11  0 C
2450880.51542 19.804 0.090 11  0 B
2451069.80238 20.090 0.120 11  0 D
2451112.80864 19.890 0.092 11  0 B
2451126.68468 20.167 0.135 11  0 C
2451207.63741 20.120 0.135 11  0 B
2451214.61093 19.898 0.111 11  0 B
2451223.58848 19.983 0.113 11  0 B
2451226.68117 19.845 0.110 11  0 D
2451228.65497 20.079 0.168 11  0 F
2451231.59642 19.646 0.092 11  0 D
2451234.67395 19.949 0.123 11  0 C
2451239.69465 19.943 0.126 11  0 A
2451241.71127 20.133 0.168 11  0 A
2451243.51824 19.928 0.128 11  0 C
2451245.60295 20.009 0.131 11  0 B
2451247.70237 19.880 0.133 11  0 B
2451248.67008 20.125 0.173 11  0 D
2451254.52156 19.867 0.113 11  0 B
2451259.51395 20.051 0.135 11  0 B
2451264.50816 20.129 0.159 11  0 B
2451273.53350 20.132 0.199 11  0 C
2451278.54505 19.869 0.128 11  0 B
2451290.61955 20.026 0.174 11  0 B
2451298.53109 19.819 0.123 11  0 B
2451301.53638 19.923 0.147 11  0 B
2451312.47055 20.139 0.174 11  0 B
2451319.52651 19.844 0.125 11  0 C
2451330.46353 19.897 0.170 11  0 B
2451331.46630 18.397 0.037 11 40 C
2451332.46173 19.892 0.150 11  0 D
2451333.46732 19.869 0.162 11  0 E
2451335.46372 19.841 0.124 11  0 B
2451342.46300 20.134 0.167 11  0 B
2451400.89863 19.787 0.118 11  0 D
2451435.77422 20.088 0.198 11  0 F
2451531.80172 19.959 0.096 11  0 B
2451538.75796 20.123 0.131 11  0 B
2451561.56353 19.701 0.109 11  0 C
2451579.67194 19.879 0.088 11  0 B
2451595.70989 19.717 0.111 11  0 B
2451599.68216 19.646 0.096 11  0 B
2451600.69573 19.960 0.154 11  0 D
2451604.54639 19.775 0.091 11  0 B
2451606.52110 19.960 0.114 11  0 C
2451609.62172 19.871 0.105 11  0 B
2451610.58458 19.932 0.125 11  0 C
2451611.65520 20.103 0.166 11  0 E
2451613.56120 19.858 0.103 11  0 D
2451615.50749 19.940 0.090 11  0 A
2451617.50694 19.766 0.086 11  0 A
2451619.52945 19.693 0.120 11  0 C
2451621.50201 20.013 0.143 11  0 B
2451623.50043 19.942 0.148 11  0 B
2451625.50241 19.607 0.093 11  0 B
2451627.50257 20.099 0.130 11  0 B
2451629.54748 19.774 0.097 11  0 B
2451632.50285 19.984 0.109 11  0 A
2451634.54297 19.707 0.093 11 40 B
2451635.61443 20.004 0.146 11  0 C
2451643.53443 19.793 0.133 11  0 E
2451653.54721 19.851 0.129 11  0 A
2451655.52087 19.933 0.142 11  0 A
2451657.51226 20.577 0.302 11  0 D
2451660.53746 19.642 0.105 11  0 D
2451667.55689 20.022 0.141 11  0 B
2451671.48627 19.826 0.131 11  0 B
2451771.87468 19.823 0.160 11  0 D
2451773.89753 19.847 0.096 11  0 A
2451790.86112 20.002 0.097 11  0 B
2451814.85477 19.960 0.094 11  0 A
2451828.86522 19.876 0.097 11  0 B
2451829.83646 19.789 0.113 11  0 B
