2450455.64171 18.518 0.019 11  0 A
2450455.72309 18.602 0.020 11  0 A
2450455.77068 18.629 0.024 11  0 B
2450456.59075 18.549 0.022 11  0 C
2450456.64049 18.585 0.025 11  0 C
2450456.71122 18.544 0.025 11  0 B
2450456.75867 18.502 0.019 11  0 A
2450456.81013 18.634 0.026 11  0 B
2450457.55847 18.512 0.024 11  0 B
2450457.60240 18.610 0.023 11  0 A
2450457.66108 18.535 0.022 11  0 A
2450457.71964 18.569 0.021 11  0 A
2450457.77829 18.594 0.023 11  0 A
2450458.63480 18.547 0.022 11  0 C
2450458.69350 18.508 0.028 11  0 D
2450459.55207 18.623 0.034 11  0 D
2450459.59824 18.636 0.029 11  0 B
2450459.65680 18.575 0.022 11  0 A
2450459.71624 18.599 0.022 11  0 A
2450459.76008 18.544 0.022 11  0 A
2450459.80389 18.519 0.023 11  0 A
2450461.56296 18.564 0.023 11  0 B
2450461.60677 18.574 0.024 11  0 A
2450461.66538 18.524 0.021 11  0 A
2450461.73156 18.526 0.020 11  0 A
2450461.79355 18.545 0.026 11  0 B
2450462.56347 18.548 0.022 11  0 B
2450462.62211 18.536 0.020 11  0 A
2450462.66811 18.559 0.020 11  0 A
2450465.66693 18.541 0.028 11  0 C
2450465.71461 18.573 0.028 11  0 C
2450465.79946 18.541 0.024 11  0 B
2450466.65070 18.586 0.026 11  0 B
2450466.71722 18.545 0.023 11  0 B
2450466.80219 18.577 0.025 11  0 C
2450467.65434 18.567 0.023 11  0 A
2450467.75895 18.557 0.024 11  0 A
2450467.82489 18.666 0.028 11 40 A
2450468.66103 18.587 0.030 11  0 C
2450468.73122 18.621 0.025 11  0 A
2450468.78981 18.569 0.023 11  0 A
2450468.82638 18.560 0.021 11  0 B
2450469.66190 18.637 0.033 11  0 B
2450469.74002 18.559 0.027 11  0 A
2450469.79894 18.608 0.030 11  0 A
2450470.73669 18.542 0.029 11  0 B
2450471.64775 18.561 0.026 11  0 A
2450471.78451 18.508 0.031 11  0 B
2450472.62231 18.528 0.029 11  0 B
2450472.66619 18.516 0.024 11  0 B
2450472.71000 18.574 0.030 11  0 B
2450472.77591 18.479 0.030 11  0 B
2450473.68998 18.700 0.051 11  0 D
2450474.70188 18.596 0.029 11  0 B
2450474.76833 18.579 0.039 11  0 E
2450475.53629 18.511 0.030 11  0 D
2450475.59508 18.635 0.031 11  0 C
2450475.66122 18.667 0.035 11  0 C
2450475.71334 18.566 0.033 11  0 D
2450475.76044 18.632 0.047 11  0 F
2450476.74605 18.573 0.031 11  0 C
2450477.53304 18.507 0.028 11  0 B
2450477.58431 18.562 0.022 11  0 A
2450477.73178 18.601 0.023 11  0 A
2450477.81266 18.580 0.029 11  0 A
2450477.85688 18.584 0.031 11  0 B
2450478.53916 18.623 0.029 11  0 B
2450478.75958 18.611 0.023 11  0 A
2450478.81854 18.487 0.022 11  0 B
2450479.53801 18.624 0.028 11  0 C
2450479.58191 18.532 0.021 11  0 B
2450479.75938 18.540 0.026 11  0 B
2450479.81954 18.516 0.032 11  0 B
2450480.57406 18.654 0.029 11  0 C
2450480.65523 18.492 0.022 11  0 B
2450480.74878 18.561 0.025 11  0 B
2450480.79292 18.626 0.028 11  0 C
2450481.55926 18.510 0.025 11  0 B
2450481.70765 18.574 0.023 11  0 A
2450481.75161 18.594 0.026 11  0 B
2450481.79557 18.557 0.025 11  0 B
2450482.70847 18.571 0.023 11  0 B
2450482.78640 18.618 0.026 11  0 B
2450483.57476 18.640 0.032 11  0 D
2450483.61918 18.585 0.027 11  0 C
2450483.66308 18.546 0.025 11  0 C
2450483.70706 18.597 0.024 11  0 B
2450483.75096 18.509 0.024 11  0 B
2450483.79488 18.578 0.028 11  0 C
2450484.57342 18.592 0.031 11  0 B
2450484.68210 18.583 0.028 11  0 B
2450484.72648 18.576 0.027 11  0 B
2450484.77046 18.547 0.024 11  0 A
2450485.57707 18.571 0.023 11  0 A
2450485.72398 18.538 0.024 11  0 B
2450485.76813 18.633 0.028 11  0 C
2450486.57357 18.560 0.025 11  0 B
2450486.61911 18.572 0.024 11  0 B
2450486.71564 18.507 0.025 11  0 B
2450486.76084 18.531 0.024 11  0 B
2450487.60055 18.622 0.022 11  0 B
2450487.64875 18.616 0.022 11  0 B
2450487.69658 18.558 0.021 11  0 B
2450487.74072 18.586 0.025 11  0 C
2450487.78489 18.561 0.025 11  0 C
2450488.58602 18.562 0.023 11  0 B
2450488.63002 18.611 0.022 11  0 A
2450488.69886 18.650 0.029 11  0 B
2450488.74287 18.549 0.025 11  0 B
2450488.78694 18.453 0.027 11 40 C
2450489.56179 18.613 0.023 11  0 B
2450489.65077 18.645 0.023 11  0 A
2450489.69468 18.604 0.023 11  0 A
2450489.73860 18.586 0.024 11  0 A
2450489.78262 18.628 0.027 11  0 B
2450490.55501 18.600 0.020 11  0 A
2450490.69221 18.574 0.025 11  0 B
2450490.73632 18.607 0.024 11  0 A
2450490.78032 18.601 0.025 11  0 A
2450491.57953 18.544 0.025 11  0 D
2450491.63134 18.528 0.021 11  0 B
2450491.67546 18.574 0.025 11  0 B
2450491.78888 18.566 0.027 11  0 B
2450492.56372 18.580 0.031 11  0 C
2450492.63805 18.585 0.027 11  0 C
2450492.68390 18.618 0.031 11  0 E
2450493.56674 18.580 0.024 11  0 A
2450493.61124 18.601 0.027 11  0 B
2450494.56146 18.622 0.028 11  0 B
2450494.60537 18.606 0.026 11  0 D
2450494.64964 18.621 0.027 11  0 B
2450494.69392 18.672 0.027 11  0 B
2450494.73893 18.566 0.026 11  0 B
2450495.56424 18.651 0.034 11  0 C
2450495.63790 18.516 0.028 11  0 C
2450495.69139 18.717 0.047 11  0 D
2450496.55965 18.517 0.027 11  0 B
2450496.60440 18.618 0.036 11  0 D
2450496.64848 18.567 0.030 11  0 C
2450496.69338 18.613 0.044 11  0 E
2450497.73284 18.602 0.034 11  0 B
2450498.55873 18.542 0.026 11  0 B
2450498.60278 18.563 0.023 11  0 A
2450498.71652 18.593 0.026 11  0 A
2450498.76045 18.563 0.028 11  0 B
2450499.55369 18.516 0.024 11  0 B
2450499.59937 18.536 0.024 11  0 A
2450499.73967 18.608 0.032 11  0 C
2450500.56663 18.624 0.034 11  0 B
2450500.59640 18.630 0.036 11  0 C
2450500.64127 18.571 0.036 11  0 C
2450500.69244 18.493 0.029 11  0 B
2450500.73687 18.643 0.039 11  0 C
2450501.56058 18.555 0.030 11  0 B
2450501.67933 18.561 0.036 11  0 B
2450507.54898 18.567 0.022 11  0 B
2450507.59421 18.607 0.026 11  0 B
2450507.66601 18.621 0.038 11  0 E
2450509.54488 18.644 0.028 11  0 B
2450509.59195 18.508 0.029 11  0 B
2450509.64427 18.519 0.031 11  0 B
2450510.58651 18.594 0.029 11  0 C
2450510.63208 18.525 0.030 11  0 C
2450510.67967 18.562 0.033 11  0 D
2450511.67196 18.769 0.043 11  0 E
2450512.57860 18.555 0.027 11  0 D
2450512.62698 18.556 0.033 11  0 D
2450512.70126 18.556 0.026 11  0 B
2450512.74679 18.546 0.025 11  0 B
2450513.55891 18.587 0.029 11  0 D
2450513.60449 18.602 0.024 11  0 B
2450513.69616 18.575 0.024 11  0 A
2450513.74341 18.655 0.028 11  0 B
2450514.56716 18.549 0.023 11  0 A
2450514.63622 18.612 0.026 11  0 B
2450514.68656 18.587 0.026 11  0 B
2450514.73342 18.583 0.026 11  0 B
2450515.56131 18.471 0.021 11  0 A
2450515.61606 18.624 0.023 11  0 A
2450515.66427 18.547 0.026 11  0 A
2450516.56760 18.544 0.030 11  0 C
2450516.62178 18.574 0.028 11  0 B
2450516.66877 18.545 0.027 11  0 B
2450516.71531 18.612 0.028 11  0 B
2450517.56560 18.590 0.029 11  0 C
2450517.61545 18.611 0.032 11  0 C
2450517.66543 18.579 0.031 11  0 C
2450517.71161 18.532 0.028 11  0 B
2450518.60294 18.627 0.032 11  0 C
2450518.64820 18.613 0.032 11  0 B
2450518.69727 18.530 0.035 11  0 C
2450519.56358 18.576 0.022 11  0 A
2450519.61020 18.530 0.021 11  0 A
2450519.67773 18.500 0.034 11  0 E
2450520.70437 18.502 0.029 11  0 C
2450521.55986 18.566 0.028 11  0 C
2450521.60501 18.616 0.042 11  0 F
2450521.66777 18.585 0.034 11  0 D
2450523.56896 18.643 0.037 11  0 E
2450523.62136 18.558 0.026 11  0 C
2450523.67124 18.572 0.028 11  0 C
2450524.56124 18.561 0.031 11  0 C
2450524.61135 18.501 0.034 11  0 D
2450526.54852 18.661 0.049 11  0 F
2450526.65052 18.556 0.039 11  0 F
2450527.67370 18.554 0.032 11  0 C
2450530.56383 18.617 0.040 11  0 D
2450531.56121 18.473 0.031 11  0 C
2450532.55068 18.526 0.031 11  0 C
2450533.56796 18.651 0.038 11  0 E
2450534.55713 18.608 0.038 11  0 E
2450534.60130 18.644 0.039 11  0 D
2450534.65305 18.414 0.033 11 40 E
2450535.54176 18.574 0.026 11  0 D
2450535.60206 18.593 0.035 11  0 E
2450535.67577 18.513 0.037 11  0 E
2450536.52082 18.603 0.029 11  0 D
2450536.56608 18.547 0.030 11  0 D
2450536.61657 18.715 0.042 11  0 E
2450537.51548 18.571 0.027 11  0 D
2450537.61568 18.620 0.029 11  0 C
2450537.66253 18.556 0.028 11  0 C
2450538.50348 18.540 0.028 11  0 D
2450538.55524 18.594 0.029 11  0 D
2450539.51211 18.688 0.031 11  0 B
2450539.62323 18.569 0.027 11  0 B
2450539.66731 18.501 0.025 11  0 B
2450540.54233 18.564 0.040 11  0 F
2450540.67336 18.651 0.032 11 40 B
2450541.52250 18.495 0.024 11  0 D
2450541.57955 18.592 0.027 11  0 C
2450542.51158 18.548 0.025 11  0 B
2450542.56349 18.639 0.028 11  0 C
2450542.61095 18.543 0.027 11  0 C
2450542.65509 18.476 0.028 11 40 C
2450543.54978 18.600 0.030 11  0 D
2450543.59387 18.639 0.029 11  0 C
2450543.63095 18.583 0.028 11  0 B
2450543.67496 18.591 0.030 11  0 B
2450544.50260 18.595 0.027 11  0 C
2450544.54691 18.693 0.033 11  0 D
2450544.59117 18.626 0.032 11  0 D
2450544.63638 18.502 0.027 11  0 C
2450551.49233 18.662 0.026 11  0 B
2450552.50062 18.597 0.030 11  0 B
2450553.50907 18.632 0.038 11  0 A
2450553.61981 18.625 0.048 11  0 C
2450554.48582 18.568 0.037 11  0 B
2450559.52329 18.534 0.037 11  0 C
2450561.50141 18.553 0.036 11  0 B
2450562.50292 18.539 0.044 11  0 D
2450565.50990 18.554 0.039 11  0 B
2450566.50392 18.584 0.033 11  0 A
2450567.50499 18.506 0.028 11  0 A
2450569.50008 18.616 0.040 11  0 C
2450571.48588 18.556 0.038 11  0 B
2450572.51473 18.559 0.041 11  0 B
2450573.51858 18.631 0.049 11  0 E
2450574.47699 18.544 0.032 11  0 A
2450575.47563 18.539 0.041 11  0 C
2450577.48459 18.619 0.048 11  0 B
2450578.49761 18.542 0.031 11  0 A
2450583.48305 18.546 0.034 11  0 A
2450672.86841 18.589 0.030 11  0 C
2450689.89889 18.584 0.032 11  0 B
2450699.90229 18.556 0.033 11  0 B
2450701.81921 18.578 0.042 11  0 C
2450704.86169 18.582 0.036 11  0 C
2450706.84316 18.520 0.043 11  0 D
2450714.81057 18.521 0.029 11  0 B
2450716.77515 18.574 0.031 11  0 B
2450720.83152 18.682 0.043 11  0 C
2450728.77038 18.563 0.034 11  0 B
2450729.77037 18.561 0.036 11  0 C
2450730.72594 18.563 0.034 11  0 C
2450733.81690 18.636 0.052 11  0 F
2450741.82018 18.578 0.037 11  0 B
2450745.77499 18.546 0.039 11  0 D
2450747.82342 18.610 0.033 11  0 A
2450753.77136 18.557 0.036 11  0 C
2450759.81182 18.604 0.036 11  0 D
2450766.78599 18.557 0.045 11  0 B
2450772.80509 18.515 0.031 11  0 B
2450775.78680 18.450 0.025 11 40 A
2450779.80544 18.480 0.031 11  0 B
2450781.82233 18.615 0.034 11  0 B
2450787.78188 18.570 0.034 11  0 B
2450789.76586 18.520 0.033 11  0 B
2450790.77638 18.548 0.032 11  0 C
2450795.73398 18.523 0.030 11  0 A
2450796.80583 18.542 0.036 11  0 A
2450797.73365 18.603 0.035 11  0 A
2450798.70562 18.530 0.028 11  0 A
2450805.79053 18.591 0.043 11  0 C
2450816.76156 18.556 0.030 11  0 A
2450817.68078 18.596 0.031 11  0 B
2450819.78046 18.562 0.033 11  0 B
2450822.79464 18.533 0.026 11  0 A
2450824.82394 18.578 0.030 11  0 A
2450826.64743 18.590 0.033 11  0 A
2450829.71804 18.640 0.043 11  0 D
2450832.67423 18.482 0.032 11  0 A
2450836.77304 18.703 0.048 11  0 B
2450840.65243 18.566 0.042 11  0 C
2450843.65291 18.560 0.027 11  0 A
2450850.62648 18.601 0.032 11  0 B
2450855.63122 18.386 0.034 11 40 B
2450856.59751 18.624 0.045 11  0 C
2450858.57011 18.577 0.036 11  0 B
2450875.54543 18.663 0.034 11  0 C
2450879.63195 18.471 0.041 11  0 B
2450880.53104 18.514 0.034 11  0 C
2450887.54432 18.513 0.037 11  0 B
2450892.62786 18.579 0.039 11  0 B
2450898.52556 18.523 0.025 11  0 A
2450922.59296 18.656 0.051 11  0 D
2450931.54082 18.510 0.047 11  0 D
2450933.55059 18.560 0.039 11  0 B
2450951.54020 18.509 0.029 11  0 A
2451045.87227 18.352 0.038 11  0 D
2451051.85883 18.486 0.039 11  0 E
2451052.89404 18.523 0.038 11  0 C
2451053.87419 18.578 0.033 11  0 D
2451054.88992 18.612 0.032 11  0 C
2451055.86242 18.718 0.050 11  0 E
2451059.87518 18.534 0.045 11  0 E
2451061.88491 18.588 0.047 11  0 D
2451068.86929 18.592 0.032 11  0 C
2451069.87998 18.502 0.032 11  0 B
2451071.89702 18.689 0.046 11  0 D
2451081.85743 18.516 0.027 11  0 B
2451087.80450 18.510 0.032 11  0 C
2451091.80698 18.537 0.045 11  0 C
2451095.78871 18.676 0.051 11  0 F
2451102.78942 18.563 0.023 11  0 A
2451106.84447 18.639 0.028 11  0 A
2451107.77223 18.545 0.032 11  0 B
2451113.78502 18.609 0.035 11  0 D
2451119.78976 18.451 0.033 11  0 B
2451126.81165 18.531 0.031 11  0 B
2451131.68359 18.500 0.040 11  0 E
2451132.73558 18.678 0.039 11  0 C
2451136.76884 18.582 0.034 11  0 B
2451138.79302 18.570 0.029 11  0 A
2451142.66003 18.579 0.029 11  0 B
2451144.72897 18.534 0.030 11  0 C
2451151.75481 18.630 0.038 11  0 A
2451155.75407 18.589 0.033 11  0 A
2451158.75164 18.671 0.032 11  0 A
2451161.72957 18.539 0.026 11  0 A
2451165.75026 18.531 0.027 11  0 A
2451169.74519 18.617 0.034 11  0 C
2451174.71900 18.542 0.027 11  0 B
2451179.73582 18.525 0.041 11  0 B
2451181.80788 18.596 0.038 11  0 A
2451186.76232 18.574 0.027 11  0 A
2451187.82358 18.547 0.028 11  0 A
2451188.75158 18.529 0.025 11  0 A
2451196.70229 18.548 0.043 11  0 E
2451201.71120 18.583 0.038 11  0 D
2451203.72959 18.538 0.031 11  0 B
2451211.62570 18.542 0.032 11  0 A
2451214.62657 18.537 0.034 11  0 B
2451217.60146 18.548 0.026 11  0 A
2451220.60629 18.566 0.031 11  0 A
2451223.63250 18.481 0.034 11  0 B
2451225.57346 18.559 0.030 11  0 A
2451227.65399 18.575 0.031 11  0 D
2451231.54986 18.542 0.036 11  0 B
2451234.59810 18.509 0.035 11  0 C
2451236.60558 18.581 0.039 11  0 C
2451240.55605 18.558 0.037 11  0 B
2451242.65978 18.560 0.040 11  0 B
2451244.60722 18.594 0.036 11  0 C
2451247.53993 18.542 0.040 11  0 C
2451252.65583 18.607 0.043 11  0 D
2451256.52471 18.575 0.048 11  0 C
2451260.54879 18.542 0.038 11  0 B
2451265.52513 18.513 0.035 11  0 A
2451273.57102 18.591 0.048 11  0 C
2451277.50730 18.541 0.042 11  0 B
2451288.50559 18.487 0.042 11  0 B
2451290.57296 18.516 0.040 11  0 B
2451296.51034 18.545 0.039 11  0 A
2451298.54826 18.553 0.040 11  0 A
2451301.48996 18.547 0.042 11  0 B
2451305.53577 18.554 0.039 11  0 B
2451308.46529 18.530 0.039 11  0 B
2451313.51176 18.533 0.046 11  0 C
2451316.50366 18.604 0.024 11  0 B
2451319.47986 18.606 0.038 11  0 A
2451412.83819 18.586 0.047 11  0 E
2451418.83541 18.564 0.038 11  0 C
2451430.88990 18.548 0.030 11  0 B
2451432.82374 18.597 0.035 11  0 C
2451435.79976 18.608 0.051 11  0 E
2451437.78367 18.651 0.039 11  0 E
2451440.83135 18.588 0.044 11  0 E
2451447.86895 18.534 0.044 11  0 E
2451451.76406 18.616 0.042 11  0 D
2451458.85502 18.518 0.038 11  0 C
2451459.77067 18.508 0.037 11  0 D
2451470.83533 18.462 0.028 11  0 A
2451475.74792 18.668 0.037 11  0 A
2451478.83817 18.496 0.033 11  0 B
2451481.67699 18.584 0.042 11  0 D
2451487.70637 18.562 0.031 11  0 B
2451490.70319 18.497 0.038 11  0 C
2451492.69630 18.455 0.037 11  0 C
2451495.69482 18.551 0.033 11  0 B
2451497.82100 18.527 0.045 11  0 C
2451499.65263 18.648 0.048 11  0 D
2451502.64781 18.568 0.045 11  0 E
2451505.68842 18.604 0.042 11  0 A
2451507.82192 18.509 0.038 11  0 B
2451510.79792 18.485 0.029 11  0 A
2451512.69463 18.605 0.047 11  0 E
2451514.80574 18.552 0.037 11  0 C
2451517.64120 18.540 0.038 11  0 C
2451519.71487 18.612 0.034 11  0 A
2451521.65060 18.615 0.036 11  0 B
2451523.77135 18.474 0.038 11  0 C
2451525.76570 18.551 0.029 11  0 B
2451527.69464 18.615 0.032 11  0 A
2451528.74101 18.532 0.028 11  0 A
2451529.76214 18.556 0.029 11  0 B
2451531.75523 18.456 0.033 11  0 B
2451538.71181 18.547 0.035 11  0 B
2451541.66791 18.567 0.025 11  0 A
2451542.69779 18.614 0.040 11  0 B
2451544.62375 18.596 0.032 11  0 B
2451547.75069 18.652 0.030 11 40 A
2451548.72829 18.463 0.030 11  0 B
2451549.72254 18.539 0.027 11  0 A
2451552.58730 18.657 0.037 11  0 C
2451554.71377 18.567 0.030 11  0 B
2451555.72051 18.612 0.036 11  0 B
2451562.72344 18.590 0.046 11  0 C
2451564.60203 18.594 0.047 11  0 B
2451567.69465 18.539 0.044 11  0 E
2451570.59997 18.461 0.036 11  0 C
2451574.77244 18.577 0.029 11  0 A
2451577.72415 18.534 0.033 11  0 B
2451580.75821 18.496 0.035 11  0 A
2451583.64355 18.555 0.034 11  0 B
2451585.73017 18.521 0.029 11  0 A
2451588.73786 18.516 0.045 11  0 D
2451593.57209 18.570 0.044 11  0 A
2451599.62768 18.529 0.030 11  0 A
2451601.70376 18.514 0.044 11  0 C
2451604.58525 18.601 0.042 11  0 D
2451606.62020 18.547 0.037 11  0 C
2451609.66153 18.547 0.033 11  0 B
2451610.64662 18.586 0.040 11  0 C
2451613.53766 18.555 0.043 11  0 D
2451615.56962 18.561 0.034 11  0 B
2451617.64095 18.560 0.032 11  0 A
2451619.62464 18.662 0.046 11  0 A
2451622.52596 18.574 0.045 11  0 B
2451624.52251 18.577 0.045 11  0 C
2451626.52336 18.550 0.044 11  0 D
2451627.64448 18.559 0.042 11  0 C
2451629.52346 18.519 0.034 11  0 B
2451630.60491 18.531 0.034 11  0 A
2451632.54145 18.552 0.041 11  0 B
2451634.51915 18.501 0.034 11  0 B
2451643.51112 18.551 0.043 11  0 B
2451654.54850 18.568 0.038 11  0 A
2451656.53471 18.614 0.042 11  0 C
2451659.54214 18.586 0.042 11  0 B
2451661.56613 18.529 0.040 11  0 C
2451664.52780 18.496 0.036 11  0 B
2451670.55476 18.522 0.046 11  0 D
2451672.54373 18.554 0.046 11  0 B
2451769.88659 18.540 0.041 11  0 D
2451772.89326 18.569 0.037 11  0 B
2451775.89435 18.463 0.034 11  0 A
2451784.87893 18.631 0.043 11  0 B
2451789.86764 18.561 0.025 11  0 A
2451804.81726 18.534 0.038 11  0 C
2451808.89781 18.609 0.050 11  0 F
2451812.81235 18.525 0.029 11  0 A
2451816.82369 18.513 0.028 11  0 B
2451821.81426 18.581 0.032 11  0 C
2451823.85640 18.581 0.026 11  0 A
2451826.83949 18.618 0.036 11  0 B
2451829.81320 18.568 0.044 11  0 B
2451830.82653 18.547 0.040 11  0 A
2451834.86548 18.484 0.035 11  0 C
2451859.80261 18.562 0.036 11  0 B
2451861.81982 18.436 0.035 11 40 C
2451864.79726 18.620 0.034 11  0 B
2451865.77741 18.531 0.030 11  0 A
2451868.81682 18.594 0.026 11  0 A
2451870.75012 18.550 0.028 11  0 B
2451871.83408 18.716 0.050 11  0 E
2451873.79365 18.546 0.031 11  0 A
