2450446.72055 19.979 0.077 11  0 A
2450446.72915 19.718 0.071 11  0 B
2450446.73741 19.957 0.084 11  0 A
2450446.74572 19.853 0.072 11  0 A
2450446.75398 19.798 0.068 11  0 A
2450455.66132 19.719 0.046 11  0 A
2450455.73765 19.691 0.049 11  0 B
2450455.78522 19.787 0.058 11  0 B
2450456.60533 19.896 0.070 11  0 B
2450456.65507 19.746 0.071 11  0 D
2450456.72583 19.909 0.079 11  0 C
2450456.77326 19.961 0.064 11  0 A
2450456.82468 19.854 0.069 11  0 B
2450457.57301 19.878 0.075 11  0 A
2450457.61697 19.812 0.060 11  0 A
2450457.67560 19.857 0.070 11  0 A
2450457.73419 19.807 0.063 11  0 A
2450457.79283 19.790 0.065 11  0 A
2450458.64941 19.733 0.060 11  0 B
2450458.71848 19.550 0.064 11 40 C
2450459.56662 19.799 0.079 11  0 B
2450459.61279 19.878 0.077 11  0 B
2450459.67136 19.801 0.061 11  0 A
2450459.73078 19.693 0.054 11  0 B
2450459.77465 19.850 0.070 11  0 B
2450459.81846 19.875 0.068 11  0 B
2450461.57751 20.027 0.080 11  0 A
2450461.62130 19.890 0.067 11  0 A
2450461.67997 19.660 0.052 11  0 A
2450461.74610 19.818 0.054 11  0 A
2450461.80811 19.867 0.080 11  0 D
2450462.57805 19.712 0.052 11  0 A
2450462.63669 19.751 0.054 11  0 A
2450462.68266 19.881 0.059 11  0 A
2450465.68152 19.723 0.093 11  0 E
2450465.72920 19.968 0.097 11  0 D
2450465.81398 19.770 0.066 11  0 A
2450466.66522 19.713 0.067 11  0 B
2450466.73175 19.762 0.059 11  0 B
2450466.81675 19.788 0.073 11  0 C
2450467.66890 19.877 0.071 11  0 A
2450467.77348 19.746 0.062 11  0 A
2450467.83945 19.901 0.093 11  0 B
2450468.67981 19.856 0.083 11  0 B
2450468.74575 19.618 0.057 11  0 B
2450468.80436 19.883 0.065 11  0 A
2450468.84093 19.752 0.056 11  0 B
2450469.67649 19.742 0.082 11  0 B
2450469.75458 19.871 0.081 11  0 A
2450469.81349 19.823 0.087 11  0 B
2450470.75121 19.883 0.093 11  0 D
2450471.66228 19.870 0.077 11  0 B
2450471.79907 19.848 0.090 11  0 A
2450472.63695 19.926 0.074 11  0 A
2450472.68074 19.659 0.058 11  0 A
2450472.72454 19.738 0.085 11  0 B
2450472.79048 19.548 0.071 11  0 B
2450474.71646 19.927 0.088 11  0 B
2450475.55082 19.971 0.092 11  0 C
2450475.60962 19.828 0.073 11  0 B
2450475.67574 19.735 0.085 11  0 C
2450475.72787 19.824 0.096 11  0 C
2450476.76188 19.751 0.079 11  0 C
2450477.54758 19.819 0.066 11  0 A
2450477.59887 19.831 0.064 11  0 A
2450477.74635 19.831 0.067 11  0 A
2450477.82721 19.668 0.075 11  0 B
2450478.55374 19.861 0.076 11  0 B
2450478.77412 19.965 0.075 11  0 A
2450478.83306 19.738 0.061 11  0 B
2450479.55255 19.897 0.074 11  0 C
2450479.59644 19.935 0.068 11  0 A
2450479.74478 19.958 0.085 11  0 A
2450479.83406 19.841 0.106 11  0 D
2450480.58861 19.655 0.066 11  0 C
2450480.66976 20.029 0.067 11  0 B
2450480.76334 20.023 0.081 11  0 B
2450480.80747 20.037 0.090 11  0 C
2450481.57378 19.925 0.082 11  0 B
2450481.72216 19.799 0.068 11  0 C
2450481.76614 19.633 0.069 11  0 D
2450481.81009 19.707 0.071 11  0 D
2450482.72302 20.069 0.086 11  0 B
2450482.80093 19.887 0.066 11  0 A
2450483.58929 19.766 0.072 11  0 D
2450483.63376 19.720 0.068 11  0 D
2450483.67760 19.762 0.068 11  0 C
2450483.72159 19.903 0.072 11  0 B
2450483.76551 19.688 0.068 11  0 C
2450483.80942 19.726 0.075 11  0 D
2450484.58797 19.802 0.075 11  0 B
2450484.69665 19.840 0.069 11  0 A
2450484.74100 19.854 0.070 11  0 B
2450484.78502 19.964 0.085 11  0 B
2450485.59161 19.773 0.063 11  0 B
2450485.73855 19.843 0.069 11  0 B
2450485.78266 19.814 0.070 11  0 C
2450486.58813 19.750 0.069 11  0 C
2450486.63370 19.981 0.074 11  0 B
2450486.73021 19.862 0.080 11  0 C
2450486.77539 19.670 0.059 11  0 B
2450487.61509 19.815 0.052 11  0 B
2450487.66335 19.815 0.060 11  0 B
2450487.71118 19.741 0.051 11  0 B
2450487.75528 19.671 0.058 11  0 B
2450487.79944 20.007 0.089 11  0 C
2450488.60057 19.829 0.061 11  0 B
2450488.64454 19.815 0.057 11  0 A
2450488.71339 19.718 0.062 11  0 B
2450488.75738 19.888 0.077 11  0 B
2450488.80146 19.681 0.071 11  0 C
2450489.57632 19.917 0.064 11  0 A
2450489.66531 19.813 0.055 11  0 A
2450489.70920 19.682 0.058 11  0 B
2450489.75315 19.741 0.057 11  0 A
2450490.56955 19.748 0.047 11  0 A
2450490.70674 19.806 0.063 11  0 A
2450490.75085 19.846 0.074 11  0 B
2450490.79485 19.859 0.066 11  0 A
2450491.59405 19.816 0.068 11  0 C
2450491.64587 19.805 0.070 11  0 C
2450491.69001 19.667 0.057 11  0 C
2450491.80343 19.890 0.086 11  0 C
2450492.57824 19.833 0.077 11  0 C
2450492.65256 19.858 0.073 11  0 C
2450493.58128 19.609 0.054 11  0 F
2450493.62576 19.918 0.078 11  0 B
2450494.57600 19.856 0.072 11  0 B
2450494.61993 19.867 0.067 11  0 B
2450494.66415 19.647 0.066 11  0 C
2450494.70848 19.733 0.068 11  0 B
2450494.75346 19.767 0.070 11  0 B
2450495.57881 19.784 0.093 11  0 C
2450495.65244 19.517 0.073 11  0 C
2450495.70592 19.921 0.109 11  0 E
2450496.57418 19.712 0.066 11  0 B
2450496.61897 19.897 0.092 11  0 C
2450496.66304 19.816 0.117 11  0 D
2450496.70795 19.700 0.105 11  0 E
2450498.57326 19.820 0.072 11  0 A
2450498.61730 19.715 0.056 11  0 A
2450498.73105 19.672 0.071 11  0 B
2450498.77498 19.943 0.096 11  0 B
2450499.56821 19.726 0.074 11  0 B
2450499.61392 19.810 0.075 11  0 A
2450499.75422 19.628 0.078 11  0 D
2450500.55203 19.903 0.147 11  0 E
2450500.61092 19.941 0.122 11  0 D
2450500.65582 19.653 0.074 11  0 B
2450500.70697 20.053 0.121 11  0 C
2450500.75143 20.050 0.158 11  0 E
2450501.57512 19.784 0.081 11  0 B
2450501.69385 20.200 0.156 11  0 C
2450507.56355 19.935 0.066 11  0 C
2450507.60872 19.837 0.103 11  0 E
2450507.68054 19.719 0.116 11  0 F
2450509.55938 19.839 0.083 11  0 C
2450509.60647 19.826 0.080 11  0 B
2450509.65880 19.813 0.090 11  0 C
2450510.60104 19.809 0.076 11  0 C
2450510.64660 20.046 0.112 11  0 D
2450510.69417 19.638 0.078 11  0 D
2450511.68648 19.899 0.121 11  0 E
2450512.59316 19.736 0.061 11  0 B
2450512.64147 20.042 0.164 11  0 F
2450512.71580 20.170 0.095 11  0 B
2450513.57344 19.839 0.067 11  0 B
2450513.61901 19.816 0.070 11  0 B
2450513.71072 19.737 0.062 11  0 A
2450514.58168 19.709 0.059 11  0 A
2450514.65078 19.797 0.077 11  0 B
2450514.70110 19.814 0.077 11  0 B
2450514.74799 19.962 0.082 11  0 B
2450515.57584 19.960 0.071 11  0 A
2450515.63057 19.605 0.059 11  0 A
2450515.67882 19.860 0.073 11  0 A
2450516.58214 20.018 0.119 11  0 D
2450516.63635 19.840 0.088 11  0 B
2450516.68332 19.835 0.082 11  0 B
2450516.72982 19.794 0.082 11  0 B
2450517.58014 19.841 0.084 11  0 B
2450517.62997 19.943 0.097 11  0 C
2450517.67996 19.879 0.090 11  0 C
2450517.72610 19.797 0.089 11  0 C
2450518.61748 19.716 0.075 11  0 B
2450518.66273 19.805 0.090 11  0 C
2450518.71180 19.678 0.093 11  0 C
2450519.57809 19.640 0.063 11 40 B
2450519.62473 19.848 0.084 11  0 D
2450519.70715 19.831 0.095 11  0 C
2450520.71889 19.830 0.099 11  0 D
2450521.57441 19.850 0.093 11  0 E
2450521.61952 19.944 0.102 11  0 E
2450521.68230 20.453 0.220 11  0 F
2450523.58360 19.575 0.064 11  0 D
2450523.63628 19.782 0.076 11  0 C
2450523.68617 19.947 0.104 11  0 D
2450524.57597 19.526 0.079 11  0 D
2450524.62599 19.673 0.101 11  0 E
2450526.56308 19.524 0.101 11  0 F
2450527.68823 19.782 0.100 11  0 D
2450530.57836 19.796 0.123 11  0 E
2450531.57578 19.872 0.114 11  0 D
2450532.56524 19.872 0.106 11  0 D
2450533.58247 19.648 0.085 11  0 E
2450534.61580 19.832 0.103 11  0 D
2450534.66756 19.878 0.141 11  0 E
2450535.55627 19.910 0.084 11  0 C
2450535.61657 19.881 0.100 11  0 D
2450536.53543 19.532 0.056 11  0 C
2450536.58062 19.934 0.092 11  0 D
2450536.63112 19.960 0.120 11  0 D
2450537.53000 19.750 0.070 11  0 C
2450537.63021 19.770 0.077 11  0 C
2450537.67705 20.027 0.169 11  0 F
2450538.51799 20.057 0.122 11  0 E
2450538.56974 19.852 0.087 11  0 C
2450539.52663 19.715 0.073 11  0 D
2450539.63774 19.820 0.077 11  0 B
2450539.68181 19.714 0.068 11  0 C
2450541.53702 19.767 0.067 11  0 C
2450541.59404 19.861 0.064 11  0 B
2450542.52611 19.808 0.072 11  0 B
2450542.57800 20.114 0.093 11  0 B
2450542.62546 19.841 0.079 11  0 C
2450542.66961 19.960 0.104 11  0 D
2450543.56433 19.834 0.070 11  0 B
2450543.60840 20.113 0.106 11  0 C
2450543.64545 19.904 0.087 11  0 B
2450544.51712 19.826 0.076 11  0 C
2450544.56140 19.896 0.089 11  0 C
2450544.60568 19.812 0.078 11  0 D
2450544.65089 19.863 0.087 11  0 C
2450551.50686 19.810 0.067 11  0 B
2450552.51831 19.842 0.083 11  0 B
2450553.52361 19.682 0.089 11  0 A
2450554.50037 19.786 0.104 11  0 B
2450554.58583 20.233 0.200 11  0 D
2450557.60726 19.704 0.131 11  0 D
2450559.53787 19.906 0.124 11  0 B
2450560.51588 19.954 0.154 11  0 B
2450561.51593 20.001 0.145 11  0 B
2450562.51748 19.851 0.131 11  0 C
2450564.51866 19.855 0.117 11  0 C
2450565.52447 19.977 0.133 11  0 B
2450566.51845 19.732 0.079 11  0 A
2450567.51950 19.741 0.075 11  0 A
2450569.51456 19.707 0.100 11  0 D
2450571.50039 19.665 0.087 11  0 A
2450572.53042 19.904 0.121 11  0 A
2450574.49224 19.835 0.104 11  0 C
2450575.49083 19.748 0.121 11  0 D
2450577.49981 19.768 0.106 11  0 B
2450578.51333 19.903 0.104 11  0 A
2450582.49551 19.746 0.136 11  0 D
2450583.49826 20.086 0.123 11  0 A
2450672.88371 19.834 0.084 11  0 B
2450689.86770 19.717 0.097 11  0 C
2450699.86891 20.068 0.119 11 40 C
2450701.83450 19.747 0.126 11  0 D
2450704.87701 19.842 0.107 11  0 E
2450706.85844 19.827 0.121 11  0 D
2450714.82589 19.797 0.078 11  0 B
2450716.79048 19.780 0.087 11  0 C
2450720.84682 20.124 0.142 11  0 C
2450728.78564 19.996 0.101 11  0 A
2450729.78567 19.997 0.108 11  0 D
2450730.74122 19.663 0.084 11  0 C
2450733.83222 19.019 0.068 11 40 F
2450741.83546 19.822 0.096 11  0 B
2450745.79031 19.973 0.120 11  0 B
2450747.83869 20.063 0.124 11  0 B
2450753.79257 19.732 0.103 11  0 D
2450759.82710 20.057 0.119 11  0 B
2450766.80127 19.726 0.125 11  0 C
2450772.82036 19.840 0.092 11  0 B
2450775.80210 19.906 0.083 11  0 A
2450779.82075 19.859 0.092 11  0 D
2450787.79714 19.971 0.101 11  0 C
2450789.78117 19.855 0.094 11  0 B
2450790.79163 19.933 0.117 11  0 E
2450795.74927 19.948 0.098 11  0 A
2450796.82116 19.849 0.093 11  0 A
2450797.74892 19.864 0.092 11  0 A
2450798.72088 19.756 0.081 11  0 A
2450805.80578 19.743 0.125 11  0 D
2450816.77680 19.761 0.087 11  0 A
2450817.69602 19.680 0.069 11  0 A
2450819.79571 20.050 0.109 11  0 C
2450822.80991 19.764 0.071 11  0 B
2450824.83921 19.672 0.086 11  0 A
2450826.66264 19.812 0.099 11  0 A
2450829.73327 19.947 0.129 11  0 D
2450832.68948 19.730 0.082 11  0 A
2450836.78831 19.813 0.124 11  0 C
2450840.66767 19.624 0.098 11  0 D
2450843.66813 19.856 0.082 11  0 B
2450850.64171 19.798 0.099 11  0 C
2450854.67951 19.751 0.104 11  0 B
2450856.61277 19.989 0.141 11  0 C
2450858.58533 19.793 0.090 11  0 B
2450875.56067 19.677 0.082 11  0 C
2450880.54624 20.064 0.112 11  0 B
2450887.55954 19.745 0.113 11  0 C
2450892.68782 19.883 0.105 11  0 B
2450895.53396 19.730 0.125 11  0 C
2450898.54080 19.818 0.077 11  0 A
2450922.60815 20.385 0.206 11  0 D
2450928.53413 19.900 0.150 11  0 D
2450933.56579 19.609 0.087 11  0 C
2450952.49925 19.919 0.115 11  0 A
2451045.89384 19.801 0.106 11  0 C
2451051.87410 19.979 0.130 11  0 D
2451052.90930 20.019 0.124 11  0 C
2451053.88952 19.764 0.076 11  0 B
2451054.90522 19.907 0.101 11  0 C
2451055.87770 20.096 0.164 11  0 E
2451059.89046 20.052 0.148 11  0 D
2451061.90023 19.874 0.131 11  0 D
2451068.89830 19.749 0.076 11  0 A
2451076.86962 19.936 0.111 11  0 B
2451081.87273 19.819 0.108 11  0 D
2451087.81979 20.010 0.117 11  0 C
2451091.82231 19.613 0.106 11  0 C
2451102.80472 19.957 0.065 11  0 B
2451106.85976 19.684 0.075 11  0 B
2451107.78753 19.821 0.090 11  0 B
2451113.80031 19.934 0.094 11  0 C
2451119.80504 19.727 0.091 11  0 B
2451126.86109 19.878 0.107 11  0 B
2451131.69886 19.661 0.107 11  0 E
2451132.75086 20.184 0.119 11 40 B
2451136.78416 19.884 0.095 11  0 A
2451138.80828 19.562 0.068 11  0 A
2451142.67531 19.970 0.082 11  0 C
2451144.74422 19.811 0.079 11  0 B
2451151.77006 19.817 0.094 11  0 A
2451155.76936 19.744 0.084 11  0 A
2451158.76690 19.771 0.091 11  0 B
2451161.74482 19.933 0.081 11  0 A
2451165.76556 19.840 0.088 11  0 B
2451169.76043 19.688 0.090 11  0 C
2451174.73427 19.954 0.099 11  0 D
2451179.75108 20.101 0.147 11  0 A
2451181.82314 19.890 0.116 11  0 A
2451186.77756 20.016 0.098 11  0 B
2451187.83883 19.763 0.083 11  0 A
2451189.84764 19.973 0.106 11  0 B
2451196.71758 19.786 0.106 11  0 D
2451201.72640 19.975 0.121 11  0 D
2451203.74627 19.794 0.092 11  0 B
2451211.64093 19.878 0.104 11  0 A
2451214.64181 19.972 0.129 11  0 B
2451217.61669 19.870 0.074 11  0 A
2451220.62152 19.938 0.100 11  0 A
2451223.64775 19.739 0.088 11  0 B
2451225.58868 19.899 0.080 11  0 A
2451227.66919 19.916 0.105 11  0 E
2451231.56510 19.780 0.105 11  0 C
2451234.61334 20.032 0.128 11  0 B
2451240.57329 19.835 0.105 11  0 A
2451242.67500 19.917 0.134 11  0 B
2451244.62460 20.010 0.119 11  0 B
2451247.55517 19.675 0.102 11  0 C
2451256.53989 19.713 0.135 11  0 E
2451260.56538 19.784 0.094 11  0 A
2451265.54035 19.728 0.092 11  0 A
2451277.52252 19.710 0.101 11  0 B
2451281.56629 20.419 0.226 11 40 B
2451288.52079 19.707 0.121 11  0 B
2451290.58819 19.777 0.116 11  0 A
2451296.52554 19.651 0.107 11  0 B
2451301.50519 19.575 0.106 11  0 B
2451305.55099 19.606 0.093 11  0 C
2451308.48050 19.771 0.105 11  0 B
2451313.52700 19.965 0.160 11  0 C
2451316.51886 19.622 0.054 11  0 D
2451319.49513 19.720 0.099 11  0 A
2451412.85348 19.817 0.111 11  0 D
2451418.85071 19.857 0.121 11  0 C
2451430.90523 19.873 0.098 11  0 B
2451432.83905 20.043 0.155 11  0 E
2451437.79897 19.833 0.126 11  0 E
2451440.84661 19.990 0.133 11  0 D
2451451.86850 19.767 0.106 11  0 C
2451459.78597 19.819 0.131 11  0 E
2451462.79025 19.873 0.118 11  0 E
2451470.85062 19.882 0.092 11  0 A
2451475.76324 19.841 0.096 11  0 A
2451478.71861 20.030 0.175 11  0 E
2451481.69228 19.760 0.112 11  0 E
2451487.72167 19.921 0.103 11  0 B
2451490.71850 19.843 0.127 11  0 D
2451492.71162 19.693 0.092 11  0 B
2451495.71012 19.808 0.088 11  0 C
2451502.66313 19.808 0.118 11  0 C
2451505.70373 20.014 0.131 11  0 A
2451507.83719 19.783 0.102 11  0 A
2451510.81316 19.768 0.093 11  0 A
2451512.70994 19.904 0.129 11  0 E
2451514.82102 19.655 0.094 11  0 D
2451517.65650 19.750 0.089 11  0 C
2451519.73013 19.762 0.084 11  0 A
2451521.66588 19.764 0.090 11  0 A
2451523.78664 19.719 0.108 11  0 C
2451525.78099 19.999 0.099 11  0 B
2451527.70995 19.789 0.082 11  0 A
2451528.75630 19.768 0.081 11  0 B
2451529.77739 19.935 0.091 11  0 A
2451531.77051 19.768 0.091 11  0 B
2451538.72704 19.664 0.085 11  0 A
2451541.68314 19.754 0.072 11  0 A
2451542.71301 19.647 0.082 11  0 A
2451544.63903 19.724 0.077 11  0 A
2451547.76597 20.036 0.098 11  0 A
2451548.74356 19.790 0.083 11  0 A
2451549.73782 19.893 0.082 11  0 A
2451552.60255 19.651 0.074 11  0 B
2451554.72904 19.782 0.070 11  0 A
2451555.73575 19.851 0.083 11  0 A
2451564.61726 19.979 0.151 11  0 C
2451567.70986 20.068 0.146 11  0 C
2451570.61521 19.860 0.099 11  0 B
2451574.75714 20.012 0.097 11  0 A
2451577.70681 19.625 0.078 11  0 B
2451580.74288 19.705 0.092 11  0 A
2451583.62825 19.834 0.093 11  0 B
2451585.75013 19.771 0.093 11  0 A
2451589.63307 19.852 0.100 11  0 A
2451592.62485 19.959 0.100 11  0 A
2451595.67076 19.702 0.105 11  0 B
2451599.61239 19.926 0.095 11  0 B
2451601.68842 19.999 0.147 11  0 C
2451604.56997 19.903 0.131 11  0 D
2451606.60483 19.928 0.113 11  0 C
2451609.64619 19.634 0.085 11  0 B
2451610.63131 19.561 0.086 11  0 B
2451613.52234 19.939 0.127 11  0 C
2451615.55431 19.780 0.117 11  0 D
2451617.62566 19.928 0.104 11 40 A
2451619.60933 19.724 0.112 11  0 C
2451620.56050 20.010 0.153 11  0 C
2451622.51066 19.990 0.153 11  0 B
2451624.50722 19.667 0.117 11  0 C
2451626.50805 19.663 0.102 11  0 C
2451627.62915 19.622 0.119 11  0 E
2451629.50818 20.046 0.136 11  0 B
2451630.58958 19.789 0.095 11  0 B
2451632.52613 19.763 0.113 11  0 B
2451634.50385 19.978 0.122 11  0 B
2451643.49579 19.764 0.102 11  0 B
2451654.53318 19.587 0.102 11  0 B
2451656.51939 19.842 0.111 11  0 B
2451659.52687 19.810 0.131 11  0 B
2451661.55083 19.655 0.091 11  0 B
2451663.57644 19.736 0.084 11  0 A
2451670.53946 19.830 0.133 11  0 C
2451691.52775 19.836 0.122 11  0 B
2451769.87138 19.951 0.130 11  0 C
2451772.87805 19.673 0.090 11  0 B
2451775.87912 19.775 0.092 11  0 B
2451784.86374 19.700 0.114 11  0 C
2451789.85242 19.879 0.073 11  0 A
2451804.80205 19.723 0.093 11  0 D
2451808.88260 19.734 0.099 11  0 D
2451812.79714 19.884 0.092 11  0 A
2451816.80849 19.824 0.084 11  0 B
2451821.79907 19.715 0.077 11  0 B
2451823.84119 19.830 0.069 11  0 A
2451826.82427 20.179 0.174 11  0 C
2451829.79795 19.943 0.139 11  0 B
2451830.81124 20.226 0.178 11  0 B
2451834.85023 19.682 0.103 11  0 C
2451845.84767 19.848 0.075 11  0 A
2451851.84505 19.863 0.127 11  0 F
2451859.78737 19.702 0.084 11  0 A
2451861.80456 19.716 0.090 11  0 B
2451864.78202 19.839 0.094 11  0 A
2451865.76221 19.867 0.092 11  0 B
2451867.81599 19.781 0.079 11  0 A
2451868.80156 19.944 0.079 11  0 A
2451870.73487 20.004 0.092 11  0 B
2451871.81885 19.965 0.083 11  0 A
2451873.77843 19.895 0.092 11  0 A
