2450726.83010 16.813 0.008 11  0 A
2450739.86391 16.783 0.012 11  0 D
2450744.77221 16.809 0.010 11  0 B
2450745.85686 16.804 0.009 11  0 A
2450746.84271 16.806 0.009 11  0 A
2450747.73816 16.809 0.009 11  0 C
2450748.69013 16.813 0.011 11  0 E
2450750.80309 16.803 0.009 11  0 B
2450751.80393 16.810 0.009 11  0 B
2450752.86174 16.797 0.010 11  0 B
2450754.80798 16.783 0.011 11  0 E
2450755.78596 16.807 0.009 11  0 D
2450759.71180 16.800 0.009 11  0 C
2450761.79306 16.781 0.012 11  0 E
2450766.84275 16.782 0.012 11  0 C
2450773.79834 16.817 0.011 11  0 C
2450776.82355 16.811 0.009 11  0 C
2450780.78393 16.821 0.009 11  0 C
2450782.81255 16.807 0.010 11  0 B
2450788.84006 16.807 0.008 11  0 A
2450792.75011 16.809 0.011 11  0 C
2450795.83543 16.821 0.009 11  0 A
2450798.75974 16.802 0.009 11  0 A
2450817.75808 16.810 0.009 11  0 A
2450819.83479 16.818 0.011 11  0 B
2450824.70545 16.796 0.011 11  0 B
2450826.79811 16.808 0.011 11  0 A
2450827.69494 16.802 0.009 11  0 A
2450828.75456 16.837 0.010 11  0 A
2450829.70218 16.799 0.009 11  0 B
2450830.76028 16.809 0.010 11  0 A
2450831.59755 16.817 0.011 11  0 D
2450832.76715 16.800 0.009 11  0 A
2450833.58673 16.794 0.009 11  0 B
2450834.69072 16.791 0.009 11  0 B
2450835.80851 16.798 0.009 11  0 B
2450837.67040 16.809 0.008 11  0 A
2450839.66885 16.787 0.009 11  0 E
2450841.75786 16.815 0.009 11  0 B
2450842.74778 16.807 0.010 11  0 C
2450844.60272 16.807 0.009 11  0 E
2450846.77466 16.797 0.009 11  0 B
2450850.76552 16.814 0.010 11  0 B
2450855.71245 16.825 0.013 11 40 C
2450856.67446 16.811 0.012 11  0 D
2450857.73313 16.809 0.011 11  0 A
2450858.69627 16.807 0.010 11  0 B
2450859.76302 16.824 0.009 11  0 A
2450860.65600 16.824 0.011 11  0 B
2450865.57331 16.787 0.012 11 40 F
2450867.62838 16.817 0.013 11  0 F
2450874.69211 16.816 0.008 11  0 B
2450876.60816 16.803 0.009 11  0 B
2450876.71066 16.798 0.008 11  0 B
2450878.69817 16.787 0.009 11  0 B
2450880.63251 16.799 0.009 11  0 B
2450887.67675 16.810 0.010 11  0 C
2450890.70038 16.804 0.012 11  0 E
2450892.54713 16.817 0.009 11  0 B
2450893.71338 16.815 0.011 11  0 B
2450896.51512 16.802 0.009 11  0 A
2450900.56860 16.796 0.010 11  0 B
2450919.57047 16.798 0.012 11  0 C
2450925.52352 16.813 0.012 11  0 E
2450931.58148 16.801 0.013 11  0 D
2450934.53031 16.788 0.013 11  0 D
2450950.52347 16.815 0.011 11  0 A
2451079.81436 16.799 0.010 11  0 C
2451080.81800 16.800 0.009 11  0 D
2451083.82854 16.786 0.010 11  0 D
2451084.82393 16.807 0.009 11  0 C
2451086.85198 16.806 0.010 11  0 B
2451090.77960 16.820 0.012 11 40 E
2451092.83003 16.817 0.010 11  0 A
2451093.84212 16.800 0.010 11  0 B
2451106.77100 16.820 0.008 11  0 B
2451108.79201 16.797 0.009 11  0 C
2451114.80144 16.815 0.008 11  0 A
2451119.84470 16.800 0.009 11  0 A
2451120.74926 16.775 0.010 11  0 B
2451126.76907 16.793 0.010 11  0 C
2451129.83338 16.794 0.009 11  0 C
2451131.83933 16.816 0.011 11  0 D
2451132.82895 16.808 0.009 11  0 B
2451137.81113 16.799 0.009 11  0 A
2451138.85244 16.803 0.010 11  0 A
2451142.77913 16.820 0.009 11  0 A
2451152.73678 16.789 0.013 11  0 D
2451154.75233 16.812 0.010 11  0 D
2451155.70858 16.805 0.010 11  0 D
2451157.76246 16.796 0.011 11  0 C
2451159.76819 16.825 0.009 11  0 B
2451161.83217 16.813 0.008 11  0 A
2451163.83408 16.805 0.008 11  0 C
2451164.84901 16.802 0.008 11  0 A
2451166.76646 16.782 0.011 11  0 C
2451167.79271 16.809 0.012 11  0 D
2451168.77534 16.807 0.011 11  0 C
2451171.74424 16.825 0.008 11 40 A
2451175.74164 16.824 0.009 11  0 D
2451179.79109 16.807 0.010 11  0 A
2451181.75456 16.794 0.010 11  0 A
2451183.83950 16.798 0.009 11  0 B
2451185.83685 16.818 0.008 11  0 A
2451187.79218 16.814 0.008 11  0 A
2451189.72864 16.794 0.008 11 40 A
2451191.76734 16.810 0.009 11  0 C
2451192.82612 16.815 0.008 11  0 B
2451193.81808 16.795 0.007 11  0 A
2451194.69372 16.810 0.010 11  0 D
2451201.78222 16.816 0.010 11  0 C
2451202.79144 16.798 0.010 11  0 B
2451204.69802 16.787 0.010 11  0 B
2451206.79814 16.779 0.009 11  0 B
2451207.70840 16.805 0.011 11  0 B
2451211.76633 16.805 0.013 11  0 B
2451214.68046 16.815 0.011 11  0 B
2451215.58527 16.793 0.009 11  0 B
2451216.66169 16.813 0.009 11  0 B
2451217.74338 16.800 0.010 11  0 B
2451219.65707 16.796 0.010 11  0 C
2451220.76504 16.792 0.011 11  0 B
2451221.63093 16.790 0.010 11  0 B
2451223.71953 16.825 0.011 11  0 D
2451226.60916 16.809 0.009 11  0 C
2451227.61397 16.813 0.010 11  0 C
2451230.67876 16.811 0.011 11  0 E
2451233.57479 16.778 0.009 11 40 A
2451235.71258 16.805 0.011 11  0 C
2451238.63510 16.807 0.012 11  0 E
2451240.71086 16.808 0.012 11  0 B
2451242.52879 16.800 0.011 11  0 B
2451244.66531 16.812 0.011 11  0 B
2451247.52313 16.810 0.010 11  0 B
2451248.62331 16.826 0.011 11  0 C
2451251.57784 16.820 0.013 11  0 E
2451254.59235 16.808 0.011 11  0 C
2451255.62557 16.790 0.012 11  0 E
2451256.62959 16.801 0.011 11  0 C
2451258.61677 16.808 0.009 11  0 A
2451261.52261 16.803 0.010 11  0 A
2451264.53360 16.801 0.010 11  0 A
2451267.55515 16.801 0.012 11  0 B
2451272.53543 16.801 0.012 11  0 C
2451274.56726 16.807 0.013 11  0 D
2451276.56574 16.809 0.012 11  0 C
2451278.56930 16.813 0.012 11  0 B
2451279.55208 16.793 0.011 11  0 C
2451290.53340 16.809 0.012 11  0 B
2451298.50993 16.820 0.012 11  0 B
2451301.58430 16.788 0.014 11  0 C
2451306.50129 16.792 0.010 11  0 A
2451315.53365 16.791 0.013 11  0 C
2451318.51620 16.809 0.012 11  0 D
2451320.50894 16.799 0.012 11  0 B
2451330.51910 16.812 0.013 11  0 A
2451335.51225 16.818 0.012 11  0 C
2451431.87155 16.807 0.010 11  0 D
2451433.86647 16.802 0.012 11  0 D
2451436.77994 16.788 0.010 11  0 B
2451439.85825 16.802 0.009 11  0 B
2451441.87694 16.800 0.010 11  0 B
2451443.89859 16.818 0.012 11  0 C
2451447.82959 16.779 0.013 11 40 D
2451449.87142 16.798 0.013 11  0 D
2451454.83591 16.831 0.014 11  0 F
2451455.81622 16.817 0.014 11  0 F
2451459.75216 16.833 0.011 11  0 E
2451462.82976 16.795 0.013 11  0 F
2451471.82744 16.783 0.010 11  0 B
2451476.71905 16.795 0.010 11  0 B
2451478.79745 16.790 0.010 11  0 B
2451484.78564 16.820 0.011 11 40 C
2451488.84963 16.780 0.009 11 40 A
2451489.76756 16.799 0.008 11  0 A
2451491.79624 16.801 0.010 11  0 C
2451493.73825 16.795 0.010 11  0 B
2451496.63515 16.794 0.011 11  0 C
2451498.70221 16.807 0.009 11  0 B
2451500.84247 16.794 0.009 11  0 B
2451503.67778 16.800 0.013 11  0 C
2451505.78508 16.800 0.010 11  0 A
2451507.73604 16.804 0.011 11  0 B
2451508.68875 16.821 0.009 11  0 A
2451509.71404 16.800 0.010 11  0 A
2451511.70729 16.805 0.010 11  0 A
2451512.81202 16.814 0.011 11  0 C
2451514.75567 16.803 0.011 11  0 D
2451517.72079 16.790 0.008 11  0 A
2451519.67437 16.784 0.010 11  0 A
2451522.75454 16.791 0.009 11  0 B
2451523.69948 16.812 0.013 11  0 D
2451525.67598 16.791 0.011 11  0 D
2451527.79545 16.806 0.010 11  0 D
2451528.80383 16.798 0.008 11  0 A
2451529.84703 16.793 0.010 11 40 B
2451531.82518 16.799 0.010 11  0 B
2451538.78157 16.791 0.010 11  0 B
2451542.80615 16.786 0.009 11  0 A
2451544.74805 16.811 0.009 11  0 A
2451547.82065 16.792 0.010 11  0 B
2451548.83016 16.810 0.008 11  0 A
2451549.84007 16.793 0.009 11  0 A
2451552.71664 16.807 0.009 11  0 A
2451553.79168 16.812 0.009 11  0 A
2451554.80690 16.792 0.008 11  0 A
2451555.79527 16.785 0.010 11  0 B
2451555.84835 16.800 0.010 11  0 B
2451561.58827 16.817 0.010 11  0 B
2451562.79306 16.793 0.010 11  0 A
2451566.64102 16.803 0.011 11  0 B
2451568.66393 16.836 0.010 11 40 B
2451571.72717 16.804 0.010 11  0 B
2451575.68995 16.823 0.010 11  0 B
2451577.75706 16.801 0.009 11  0 B
2451579.72697 16.795 0.009 11  0 B
2451581.67493 16.801 0.011 11  0 C
2451584.65101 16.780 0.010 11 40 B
2451586.65988 16.787 0.009 11  0 A
2451589.75703 16.813 0.012 11  0 C
2451592.63374 16.818 0.009 11  0 A
2451593.55115 16.803 0.012 11  0 B
2451595.62372 16.798 0.011 11  0 B
2451596.73711 16.798 0.012 11  0 B
2451599.72898 16.812 0.011 11  0 D
2451600.65681 16.792 0.011 11  0 C
2451601.73495 16.802 0.011 11  0 B
2451602.71633 16.785 0.010 11  0 B
2451604.70861 16.830 0.014 11  0 E
2451606.68292 16.793 0.010 11 40 C
2451609.69640 16.797 0.010 11  0 A
2451610.71399 16.817 0.013 11  0 C
2451611.69125 16.803 0.012 11  0 D
2451613.68197 16.814 0.012 11  0 D
2451615.69200 16.799 0.010 11  0 D
2451616.62894 16.796 0.010 11  0 B
2451617.67213 16.809 0.009 11  0 A
2451618.51344 16.793 0.011 11  0 A
2451620.53699 16.815 0.012 11  0 B
2451620.68685 16.782 0.012 11  0 C
2451622.68129 16.820 0.013 11  0 B
2451624.67936 16.803 0.014 11  0 D
2451625.65900 16.811 0.010 11  0 B
2451627.67554 16.791 0.010 11  0 A
2451629.65050 16.792 0.010 11  0 B
2451630.66749 16.808 0.009 11  0 A
2451633.50496 16.811 0.010 11  0 A
2451634.62428 16.784 0.010 11 40 B
2451635.63781 16.792 0.011 11  0 B
2451644.56432 16.809 0.009 11  0 A
2451650.49523 16.819 0.015 11  0 E
2451653.53133 16.793 0.012 11  0 B
2451654.58277 16.801 0.012 11  0 B
2451656.59951 16.800 0.012 11  0 C
2451658.52707 16.808 0.010 11  0 B
2451662.51212 16.800 0.010 11  0 A
2451665.54743 16.804 0.012 11  0 C
2451670.50677 16.804 0.010 11  0 B
2451782.90649 16.809 0.010 11  0 C
2451783.89762 16.790 0.009 11  0 B
2451790.88450 16.793 0.009 11  0 A
2451813.81874 16.809 0.009 11  0 B
2451818.87114 16.802 0.009 11  0 B
2451826.87071 16.810 0.009 11  0 B
2451843.80674 16.808 0.009 11  0 B
2451844.82188 16.820 0.009 11  0 A
2451845.71286 16.790 0.009 11 40 C
2451850.72421 16.786 0.012 11  0 D
2451855.79846 16.822 0.009 11  0 C
2451860.77217 16.794 0.011 11  0 B
2451864.75841 16.796 0.009 11  0 B
2451866.79691 16.801 0.009 11  0 A
2451868.75499 16.786 0.008 11 40 A
2451869.78938 16.796 0.009 11  0 B
