2450455.69739 19.316 0.040 11  0 A
2450456.67852 19.388 0.059 11  0 E
2450456.78806 19.348 0.044 11  0 A
2450457.63900 19.378 0.048 11  0 A
2450457.69762 19.311 0.040 11  0 A
2450457.81490 19.544 0.070 11  0 B
2450458.67142 19.310 0.055 11  0 C
2450459.63477 19.328 0.042 11  0 A
2450459.84042 19.413 0.059 11  0 B
2450461.64334 19.337 0.045 11  0 A
2450461.77156 19.401 0.049 11  0 A
2450462.60011 19.321 0.045 11  0 A
2450465.75128 19.312 0.050 11  0 B
2450466.83886 19.447 0.050 11  0 B
2450468.76780 19.437 0.047 11  0 A
2450469.77672 19.354 0.078 11  0 D
2450470.79460 19.442 0.088 11  0 D
2450472.81253 19.365 0.069 11  0 B
2450473.72822 19.111 0.068 11  0 C
2450475.57306 19.388 0.063 11  0 C
2450477.79063 19.285 0.049 11  0 A
2450478.79634 19.426 0.054 11  0 C
2450479.79660 19.386 0.061 11  0 B
2450480.63307 19.414 0.052 11  0 C
2450481.53090 19.293 0.060 11  0 C
2450482.82358 19.425 0.060 11  0 C
2450483.52903 19.391 0.062 11  0 D
2450484.52722 19.320 0.074 11  0 C
2450485.53179 19.373 0.058 11  0 C
2450486.52396 19.484 0.064 11  0 B
2450487.55135 19.297 0.055 11  0 D
2450488.56373 19.290 0.047 11  0 B
2450489.52380 19.509 0.055 11  0 B
2450490.53247 19.343 0.045 11  0 B
2450491.53403 19.395 0.057 11  0 C
2450492.51918 19.324 0.071 11  0 E
2450493.52232 19.291 0.045 11  0 A
2450494.51729 19.426 0.069 11  0 C
2450494.77677 19.362 0.045 11  0 A
2450495.51937 19.453 0.074 11  0 D
2450496.51454 19.447 0.087 11  0 C
2450496.73094 19.570 0.109 11  0 D
2450498.51388 19.267 0.070 11  0 D
2450499.77630 19.340 0.068 11  0 C
2450500.77379 19.318 0.086 11  0 C
2450501.53833 19.190 0.058 11  0 B
2450507.52453 19.226 0.051 11  0 C
2450508.56715 19.369 0.069 11  0 E
2450509.52170 19.297 0.058 11  0 C
2450510.55240 19.286 0.064 11  0 D
2450510.71763 19.416 0.074 11  0 D
2450511.61703 19.514 0.079 11  0 E
2450512.55137 19.440 0.075 11  0 E
2450513.53549 19.420 0.074 11  0 E
2450513.64730 19.427 0.045 11  0 A
2450514.51513 19.587 0.100 11 40 E
2450514.61060 19.354 0.041 11  0 A
2450515.51179 19.388 0.052 11  0 B
2450516.51529 19.371 0.073 11  0 D
2450517.51483 19.395 0.067 11  0 C
2450518.55169 19.351 0.051 11  0 B
2450519.50474 19.339 0.049 11  0 B
2450519.65424 19.294 0.058 11  0 C
2450519.73208 19.370 0.067 11  0 C
2450520.67098 19.361 0.066 11  0 C
2450521.50690 19.301 0.070 11  0 D
2450521.64444 19.378 0.074 11  0 E
2450521.70821 19.315 0.086 11  0 E
2450523.51216 19.350 0.074 11  0 F
2450524.49765 19.180 0.071 11  0 E
2450524.53769 19.182 0.054 11  0 C
2450525.56085 19.448 0.066 11  0 C
2450526.50102 19.335 0.073 11  0 E
2450526.59675 19.314 0.063 11  0 E
2450527.49581 19.343 0.061 11  0 C
2450528.55561 19.460 0.097 11  0 F
2450530.53554 19.284 0.072 11  0 D
2450531.50860 19.271 0.082 11  0 E
2450532.49721 19.262 0.083 11  0 E
2450533.49624 19.700 0.109 11  0 F
2450533.62213 19.188 0.069 11  0 E
2450534.50549 19.488 0.084 11  0 F
2450535.50987 19.280 0.039 11  0 B
2450536.65892 19.253 0.071 11  0 D
2450540.49709 19.211 0.057 11  0 E
2450552.60886 19.303 0.067 11  0 C
2450554.52321 19.314 0.077 11  0 B
2450560.53863 19.368 0.107 11  0 B
2450561.47914 19.412 0.085 11  0 A
2450562.47118 19.483 0.110 11  0 E
2450573.47099 19.356 0.107 11  0 D
2450673.82532 19.335 0.065 11  0 D
2450689.85155 19.397 0.083 11  0 D
2450699.79761 19.612 0.107 11  0 E
2450701.79486 19.303 0.088 11  0 E
2450704.83666 19.218 0.071 11  0 D
2450707.83632 19.149 0.093 11  0 E
2450715.80221 19.310 0.073 11  0 D
2450720.78228 19.369 0.093 11  0 E
2450722.81274 19.332 0.060 11  0 B
2450726.77076 19.378 0.067 11  0 B
2450728.81052 19.353 0.067 11  0 B
2450729.86534 19.404 0.077 11  0 C
2450733.76620 19.257 0.099 11  0 F
2450741.86100 19.478 0.080 11  0 B
2450744.86647 19.252 0.071 11  0 B
2450745.70814 19.383 0.070 11  0 C
2450747.77515 19.483 0.067 11  0 B
2450748.72929 19.223 0.057 11  0 C
2450751.71247 19.253 0.072 11  0 D
2450755.67275 19.480 0.115 11  0 E
2450759.78586 19.384 0.060 11  0 D
2450760.76235 19.413 0.072 11  0 B
2450761.84732 19.374 0.075 11  0 C
2450765.78891 19.338 0.072 11  0 A
2450769.77970 19.382 0.079 11  0 A
2450774.78625 19.496 0.083 11  0 B
2450778.76962 19.270 0.089 11  0 C
2450780.84039 19.313 0.063 11  0 B
2450781.77447 19.427 0.073 11  0 C
2450783.82345 19.434 0.053 11  0 A
2450788.78554 19.343 0.050 11  0 A
2450789.74196 19.545 0.075 11  0 A
2450792.78202 19.365 0.085 11  0 B
2450795.84373 19.263 0.058 11  0 A
2450796.84440 19.552 0.101 11  0 B
2450797.84190 19.516 0.081 11  0 A
2450798.83895 19.422 0.079 11  0 A
2450805.76432 19.323 0.088 11  0 E
2450816.70669 19.399 0.064 11  0 A
2450817.81293 19.187 0.066 11  0 B
2450818.84886 19.496 0.074 11  0 B
2450819.84289 19.528 0.101 11  0 B
2450822.77108 19.422 0.063 11  0 A
2450825.73033 19.317 0.081 11  0 C
2450827.64086 19.393 0.064 11  0 A
2450828.82542 19.546 0.085 11  0 B
2450829.65992 19.337 0.099 11  0 F
2450830.79130 19.263 0.073 11  0 B
2450831.63654 19.379 0.077 11  0 D
2450832.71270 19.315 0.067 11  0 A
2450833.53780 19.364 0.084 11  0 E
2450834.75989 19.473 0.120 11  0 E
2450837.80487 19.432 0.052 11  0 A
2450839.59172 19.357 0.064 11  0 C
2450841.81371 19.390 0.072 11  0 B
2450842.77888 19.347 0.071 11  0 B
2450844.64694 19.414 0.073 11  0 C
2450850.66798 19.414 0.081 11  0 C
2450854.72874 19.291 0.090 11  0 B
2450856.73535 19.424 0.106 11  0 D
2450858.61665 19.256 0.082 11  0 C
2450860.76330 19.565 0.134 11  0 C
2450864.70276 19.320 0.080 11  0 E
2450875.59840 19.249 0.059 11  0 B
2450880.51542 19.413 0.069 11  0 B
2450887.60628 19.444 0.086 11  0 B
2450892.67965 19.309 0.074 11  0 D
2450895.50201 19.266 0.084 11  0 C
2450897.50078 19.319 0.068 11  0 A
2450918.49561 19.175 0.089 11  0 D
2450922.48410 19.436 0.076 11  0 A
2450928.50265 19.375 0.096 11  0 C
2450931.52509 19.314 0.087 11  0 C
2450934.49727 19.229 0.093 11  0 C
2450950.49967 19.599 0.097 11  0 C
2450952.49133 19.342 0.076 11  0 A
2451053.92066 19.383 0.090 11  0 C
2451068.81146 19.412 0.098 11  0 E
2451069.80238 19.155 0.057 11  0 D
2451071.80119 19.329 0.113 11  0 F
2451077.82775 19.292 0.071 11  0 C
2451083.77692 19.407 0.084 11  0 E
2451088.84574 19.344 0.072 11  0 B
2451092.87830 19.351 0.079 11  0 C
2451102.77010 19.392 0.051 11  0 A
2451106.82713 19.314 0.054 11  0 A
2451112.80864 19.206 0.058 11  0 B
2451116.78488 19.363 0.053 11  0 A
2451126.68468 19.239 0.066 11  0 C
2451128.83746 19.345 0.073 11  0 B
2451131.84808 19.555 0.109 11  0 D
2451132.78199 19.532 0.085 11  0 B
2451136.81534 19.234 0.055 11  0 A
2451142.70759 19.455 0.053 11  0 A
2451151.80218 19.460 0.075 11  0 A
2451154.81005 19.507 0.080 11  0 B
2451157.80334 19.417 0.092 11  0 B
2451160.83683 19.343 0.068 11  0 B
2451163.77827 19.237 0.068 11  0 D
2451166.81223 19.426 0.100 11  0 C
2451169.79277 19.384 0.074 11  0 C
2451171.84123 19.281 0.054 11  0 A
2451174.76756 19.284 0.047 11  0 A
2451175.84886 19.386 0.115 11  0 E
2451179.84287 19.214 0.082 11  0 B
2451183.73767 19.522 0.080 11  0 B
2451185.85243 19.560 0.069 11  0 A
2451187.80798 19.273 0.055 11  0 A
2451189.83100 19.537 0.078 11  0 B
2451191.83640 19.199 0.048 11  0 A
2451194.74376 19.353 0.076 11  0 C
2451196.62428 19.651 0.114 11  0 F
2451201.75895 19.439 0.075 11  0 E
2451204.74459 19.311 0.064 11  0 B
2451207.63741 19.333 0.077 11  0 B
2451211.71781 19.319 0.082 11  0 B
2451214.61093 19.240 0.069 11  0 B
2451217.66434 19.274 0.069 11  0 C
2451219.72015 19.329 0.078 11  0 C
2451223.58848 19.372 0.075 11  0 B
2451226.68117 19.429 0.088 11  0 D
2451228.65497 19.252 0.089 11  0 F
2451231.59642 19.345 0.079 11  0 D
2451234.67395 19.391 0.084 11  0 C
2451239.69465 19.300 0.082 11  0 A
2451241.71127 19.316 0.092 11  0 A
2451243.51824 19.386 0.088 11  0 C
2451245.60295 19.383 0.070 11  0 B
2451247.70237 19.353 0.092 11  0 B
2451248.67008 19.411 0.107 11  0 D
2451254.52156 19.223 0.072 11  0 B
2451259.51395 19.452 0.088 11  0 B
2451264.50816 19.289 0.084 11  0 B
2451267.52732 19.480 0.111 11  0 C
2451273.53350 19.338 0.091 11  0 C
2451275.51250 19.461 0.085 11  0 B
2451278.54505 19.319 0.086 11  0 B
2451288.48984 19.314 0.085 11  0 B
2451290.61955 19.269 0.095 11  0 B
2451298.53109 19.483 0.101 11  0 B
2451301.53638 19.361 0.099 11  0 B
2451306.47764 19.381 0.078 11  0 B
2451312.47055 19.479 0.108 11  0 B
2451316.48590 19.481 0.053 11  0 B
2451319.52651 19.485 0.098 11  0 C
2451331.46630 18.702 0.057 11  0 C
2451332.46173 19.298 0.102 11  0 D
2451333.46732 19.431 0.123 11  0 E
2451335.46372 19.450 0.101 11  0 B
2451342.46300 19.295 0.086 11  0 B
2451395.91278 19.329 0.081 11  0 C
2451400.89863 19.217 0.076 11  0 D
2451412.90895 19.139 0.086 11  0 E
2451430.87304 19.325 0.067 11  0 C
2451432.87026 19.302 0.080 11  0 E
2451435.77422 19.276 0.102 11  0 F
2451437.76792 19.452 0.089 11 40 D
2451440.81441 19.392 0.074 11  0 C
2451443.85743 19.353 0.096 11  0 E
2451446.88960 19.334 0.100 11  0 C
2451448.78065 19.529 0.112 11  0 C
2451454.82642 19.615 0.131 11 40 F
2451458.81629 19.399 0.086 11  0 D
2451459.84372 19.273 0.070 11  0 D
2451462.75507 19.308 0.078 11  0 D
2451470.79540 19.433 0.063 11  0 C
2451475.79509 19.304 0.071 11  0 A
2451477.67965 19.317 0.083 11  0 B
2451479.72051 19.384 0.090 11  0 C
2451484.73618 19.402 0.088 11  0 C
2451487.76190 19.269 0.056 11  0 A
2451491.69002 19.281 0.078 11  0 C
2451493.84193 19.333 0.076 11  0 B
2451494.73552 19.333 0.082 11  0 B
2451497.79139 19.248 0.061 11  0 B
2451499.69918 19.438 0.102 11  0 C
2451502.69447 19.483 0.099 11  0 C
2451503.84438 19.455 0.086 11  0 B
2451505.73491 19.279 0.076 11  0 A
2451507.80606 19.380 0.094 11  0 B
2451510.78214 19.384 0.073 11  0 A
2451512.74118 19.399 0.101 11  0 C
2451514.85240 19.392 0.102 11  0 D
2451515.70651 19.528 0.094 11  0 B
2451517.73818 19.417 0.055 11  0 A
2451518.84313 19.332 0.065 11  0 A
2451521.69728 19.423 0.079 11  0 C
2451525.74833 19.382 0.059 11  0 A
2451527.74107 19.414 0.067 11  0 A
2451528.82018 19.385 0.072 11  0 B
2451529.68437 19.593 0.113 11  0 E
2451531.80172 19.297 0.062 11  0 B
2451538.75796 19.275 0.070 11  0 B
2451542.68187 19.285 0.067 11  0 B
2451544.72451 19.310 0.058 11  0 B
2451547.79685 19.391 0.078 11  0 C
2451548.77458 19.285 0.081 11  0 E
2451549.79334 19.424 0.067 11  0 A
2451552.69243 19.372 0.069 11  0 A
2451553.76814 19.440 0.076 11  0 A
2451554.78335 19.231 0.047 11  0 A
2451555.77036 19.478 0.086 11  0 B
2451561.56353 19.304 0.083 11  0 C
2451562.76976 19.374 0.077 11  0 B
2451564.65864 19.339 0.074 11  0 D
2451567.61616 19.376 0.075 11  0 B
2451570.58334 19.362 0.065 11  0 B
2451573.62362 19.280 0.073 11  0 D
2451576.60900 19.242 0.066 11  0 A
2451579.67194 19.276 0.059 11  0 B
2451581.72360 19.201 0.086 11  0 F
2451583.72249 19.360 0.083 11  0 B
2451585.65765 19.617 0.112 11  0 D
2451588.60782 19.424 0.088 11  0 C
2451591.68554 19.257 0.093 11  0 E
2451593.58919 19.282 0.073 11  0 A
2451595.70989 19.387 0.089 11  0 B
2451599.68216 19.225 0.074 11  0 B
2451600.69573 19.447 0.112 11  0 D
2451604.54639 19.331 0.069 11  0 B
2451606.52110 19.311 0.073 11  0 C
2451609.62172 19.480 0.085 11  0 B
2451610.58458 19.251 0.076 11  0 C
2451611.65520 19.472 0.103 11  0 E
2451613.56120 19.503 0.083 11  0 D
2451615.50749 19.421 0.064 11  0 A
2451617.50694 19.330 0.065 11  0 A
2451619.52945 19.357 0.101 11  0 C
2451621.50201 19.467 0.099 11  0 B
2451623.50043 19.281 0.092 11  0 B
2451625.50241 19.391 0.087 11  0 B
2451627.50257 19.470 0.084 11  0 B
2451629.54748 19.315 0.073 11  0 B
2451630.55633 19.426 0.113 11  0 E
2451632.50285 19.245 0.065 11  0 A
2451634.54297 19.378 0.079 11  0 B
2451635.61443 19.328 0.090 11  0 C
2451643.53443 19.342 0.101 11  0 E
2451645.49158 19.219 0.082 11  0 C
2451653.54721 19.293 0.090 11  0 A
2451655.52087 19.309 0.091 11  0 A
2451657.51226 19.412 0.118 11  0 D
2451660.53746 19.519 0.107 11  0 D
2451662.48835 19.229 0.073 11  0 B
2451664.50317 19.544 0.099 11  0 B
2451667.55689 19.437 0.095 11  0 B
2451671.48627 19.304 0.092 11  0 B
2451676.49101 19.372 0.107 11  0 C
2451768.91199 19.321 0.083 11  0 C
2451769.84444 19.332 0.088 11  0 D
2451771.87468 19.212 0.099 11  0 D
2451773.89753 19.319 0.065 11  0 A
2451775.91760 19.332 0.083 11  0 B
2451789.89913 19.332 0.049 11  0 A
2451790.86112 19.321 0.058 11  0 B
2451803.89060 19.325 0.083 11  0 D
2451809.81667 19.377 0.054 11  0 A
2451812.83993 19.423 0.068 11  0 A
2451814.85477 19.398 0.063 11  0 A
2451818.84764 19.483 0.093 11 40 D
2451822.84006 19.350 0.073 11  0 E
2451828.86522 19.319 0.068 11  0 B
2451829.83646 19.251 0.079 11  0 B
2451830.84992 19.380 0.082 11  0 A
2451846.86638 19.368 0.076 11  0 A
2451850.79600 19.366 0.080 11  0 D
2451855.83810 19.499 0.069 11  0 B
2451859.76413 19.383 0.077 11  0 B
2451863.74588 19.352 0.073 11  0 B
2451865.80057 19.412 0.064 11  0 A
2451867.76950 19.326 0.063 11  0 A
2451869.74290 19.336 0.061 11  0 C
2451870.77325 19.298 0.068 11  0 B
2451871.85741 19.438 0.077 11  0 A
2451873.81710 19.323 0.061 11  0 A
