2450455.64171 18.800 0.023 11  0 A
2450455.72309 18.791 0.023 11  0 A
2450455.77068 18.870 0.028 11  0 B
2450456.59075 18.809 0.026 11  0 C
2450456.64049 18.834 0.029 11  0 C
2450456.71122 18.805 0.029 11  0 B
2450456.75867 18.775 0.024 11  0 A
2450456.81013 18.889 0.030 11  0 B
2450457.55847 18.800 0.029 11  0 B
2450457.60240 18.861 0.028 11  0 A
2450457.66108 18.914 0.030 11  0 A
2450457.71964 18.817 0.025 11  0 A
2450457.77829 18.747 0.026 11  0 A
2450458.63480 18.759 0.025 11  0 C
2450458.69350 18.780 0.034 11  0 D
2450459.55207 18.722 0.034 11  0 D
2450459.59824 18.848 0.033 11  0 B
2450459.65680 18.834 0.027 11  0 A
2450459.71624 18.818 0.026 11  0 A
2450459.76008 18.845 0.028 11  0 A
2450459.80389 18.840 0.029 11  0 A
2450461.56296 18.801 0.026 11  0 B
2450461.60677 18.859 0.029 11  0 A
2450461.66538 18.876 0.027 11  0 A
2450461.73156 18.837 0.025 11  0 A
2450461.79355 18.874 0.033 11  0 B
2450462.56347 18.926 0.029 11  0 B
2450462.62211 18.772 0.023 11  0 A
2450462.66811 18.894 0.026 11  0 A
2450465.66693 18.714 0.031 11 40 C
2450465.71461 18.802 0.033 11  0 C
2450465.79946 18.839 0.031 11  0 B
2450466.65070 18.865 0.032 11  0 B
2450466.71722 18.822 0.028 11  0 B
2450466.80219 18.822 0.029 11  0 C
2450467.65434 18.817 0.027 11  0 A
2450467.75895 18.770 0.028 11  0 A
2450467.82489 18.794 0.030 11  0 A
2450468.66103 18.712 0.033 11  0 C
2450468.73122 18.955 0.032 11  0 A
2450468.78981 18.798 0.027 11  0 A
2450468.82638 18.786 0.024 11  0 B
2450469.66190 18.751 0.035 11  0 B
2450469.74002 18.781 0.032 11  0 A
2450469.79894 18.882 0.037 11  0 A
2450470.73669 18.832 0.036 11  0 B
2450471.64775 18.803 0.031 11  0 A
2450471.78451 18.805 0.038 11  0 B
2450472.62231 18.879 0.038 11  0 B
2450472.66619 18.773 0.029 11  0 B
2450472.71000 18.882 0.038 11  0 B
2450472.77591 18.957 0.045 11  0 B
2450473.68998 18.784 0.053 11  0 D
2450474.70188 18.762 0.032 11  0 B
2450474.76833 18.880 0.049 11  0 E
2450475.53629 18.708 0.034 11  0 D
2450475.59508 18.761 0.033 11  0 C
2450475.66122 18.823 0.039 11  0 C
2450475.71334 18.808 0.040 11  0 D
2450475.76044 18.766 0.050 11  0 F
2450476.74605 18.714 0.034 11  0 C
2450477.53304 18.765 0.033 11  0 B
2450477.58431 18.868 0.028 11  0 A
2450477.73178 18.818 0.026 11  0 A
2450477.81266 18.896 0.036 11  0 A
2450477.85688 18.769 0.034 11  0 B
2450478.53916 18.746 0.031 11  0 B
2450478.75958 18.874 0.028 11  0 A
2450478.81854 18.886 0.030 11  0 B
2450479.53801 18.887 0.034 11  0 C
2450479.58191 18.780 0.024 11  0 B
2450479.75938 18.882 0.034 11  0 B
2450479.81954 18.809 0.039 11  0 B
2450480.57406 18.763 0.030 11  0 C
2450480.65523 18.746 0.026 11  0 B
2450480.74878 18.731 0.027 11  0 B
2450480.79292 18.771 0.031 11  0 C
2450481.55926 18.792 0.030 11  0 B
2450481.70765 18.774 0.026 11  0 A
2450481.75161 18.757 0.029 11  0 B
2450481.79557 18.863 0.031 11  0 B
2450482.70847 18.835 0.029 11  0 B
2450482.78640 18.816 0.029 11  0 B
2450483.57476 18.800 0.035 11  0 D
2450483.61918 18.808 0.031 11  0 C
2450483.66308 18.800 0.029 11  0 C
2450483.70706 18.827 0.028 11  0 B
2450483.75096 18.788 0.029 11  0 B
2450483.79488 18.832 0.033 11  0 C
2450484.57342 18.863 0.038 11  0 B
2450484.68210 18.725 0.031 11  0 B
2450484.72648 18.765 0.031 11  0 B
2450484.77046 18.781 0.029 11  0 A
2450485.57707 18.776 0.026 11  0 A
2450485.72398 18.830 0.029 11  0 B
2450485.76813 18.807 0.031 11  0 C
2450486.57357 18.749 0.028 11  0 B
2450486.61911 18.801 0.028 11  0 B
2450486.71564 18.753 0.029 11  0 B
2450486.76084 18.856 0.031 11  0 B
2450487.60055 18.754 0.024 11  0 B
2450487.64875 18.838 0.026 11  0 B
2450487.69658 18.862 0.025 11  0 B
2450487.74072 18.731 0.027 11  0 C
2450487.78489 18.781 0.029 11  0 C
2450488.58602 18.870 0.029 11  0 B
2450488.63002 18.783 0.025 11  0 A
2450488.69886 18.865 0.034 11  0 B
2450488.74287 18.776 0.028 11  0 B
2450488.78694 18.854 0.036 11  0 C
2450489.56179 18.813 0.026 11  0 B
2450489.65077 18.844 0.026 11  0 A
2450489.69468 18.891 0.029 11  0 A
2450489.73860 18.910 0.030 11  0 A
2450489.78262 18.793 0.030 11  0 B
2450490.55501 18.817 0.022 11  0 A
2450490.69221 18.762 0.028 11  0 B
2450490.73632 18.841 0.028 11  0 A
2450490.78032 18.856 0.030 11  0 A
2450491.57953 18.792 0.030 11  0 D
2450491.63134 18.865 0.026 11  0 B
2450491.67546 18.759 0.028 11  0 B
2450491.78888 18.710 0.030 11  0 B
2450492.56372 18.860 0.038 11  0 C
2450492.63805 18.820 0.032 11  0 C
2450492.68390 18.839 0.036 11  0 E
2450493.56674 18.808 0.028 11  0 A
2450493.61124 18.864 0.032 11  0 B
2450494.56146 18.755 0.030 11  0 B
2450494.60537 18.684 0.027 11  0 D
2450494.64964 18.856 0.032 11  0 B
2450494.69392 18.735 0.027 11  0 B
2450494.73893 18.867 0.033 11  0 B
2450495.56424 18.781 0.037 11  0 C
2450495.63790 18.811 0.035 11  0 C
2450495.69139 18.760 0.047 11  0 D
2450496.55965 18.726 0.031 11  0 B
2450496.60440 18.760 0.039 11  0 D
2450496.64848 18.700 0.033 11  0 C
2450496.69338 18.707 0.046 11  0 E
2450497.73284 18.885 0.042 11  0 B
2450498.55873 18.866 0.033 11  0 B
2450498.60278 18.843 0.029 11  0 A
2450498.71652 18.744 0.029 11  0 A
2450498.76045 18.842 0.035 11  0 B
2450499.55369 18.773 0.029 11  0 B
2450499.59937 18.842 0.030 11  0 A
2450499.73967 18.813 0.038 11  0 C
2450500.56663 18.773 0.037 11  0 B
2450500.59640 18.758 0.039 11  0 C
2450500.64127 18.841 0.044 11  0 C
2450500.69244 18.812 0.037 11  0 B
2450500.73687 18.726 0.040 11  0 C
2450501.56058 18.823 0.036 11  0 B
2450501.67933 18.806 0.043 11  0 B
2450507.54898 18.798 0.025 11  0 B
2450507.59421 18.856 0.030 11  0 B
2450507.66601 18.794 0.042 11  0 E
2450509.54488 18.749 0.030 11 40 B
2450509.59195 18.744 0.034 11  0 B
2450509.64427 18.786 0.037 11  0 B
2450510.58651 18.852 0.034 11  0 C
2450510.63208 18.743 0.035 11  0 C
2450510.67967 18.742 0.037 11  0 D
2450511.67196 18.758 0.040 11  0 E
2450512.57860 18.819 0.033 11  0 D
2450512.62698 18.712 0.036 11  0 D
2450512.70126 18.775 0.030 11  0 B
2450512.74679 18.794 0.029 11  0 B
2450513.55891 18.841 0.034 11  0 D
2450513.60449 18.868 0.029 11  0 B
2450513.69616 18.896 0.031 11  0 A
2450513.74341 18.861 0.032 11  0 B
2450514.56716 18.777 0.027 11  0 A
2450514.63622 18.808 0.029 11  0 B
2450514.68656 18.812 0.030 11  0 B
2450514.73342 18.767 0.030 11  0 B
2450515.56131 18.845 0.028 11  0 A
2450515.61606 18.866 0.027 11  0 A
2450515.66427 18.828 0.032 11  0 A
2450516.56760 18.845 0.037 11  0 C
2450516.62178 18.758 0.032 11  0 B
2450516.66877 18.862 0.034 11  0 B
2450516.71531 18.878 0.034 11  0 B
2450517.56560 18.791 0.034 11  0 C
2450517.61545 18.828 0.037 11  0 C
2450517.66543 18.766 0.035 11  0 C
2450517.71161 18.746 0.032 11  0 B
2450518.60294 18.695 0.032 11  0 C
2450518.64820 18.725 0.033 11  0 B
2450518.69727 18.738 0.039 11  0 C
2450519.56358 18.870 0.027 11 40 A
2450519.61020 18.823 0.026 11  0 A
2450519.67773 18.805 0.041 11  0 E
2450520.70437 18.843 0.037 11  0 C
2450521.55986 18.734 0.030 11  0 C
2450521.60501 18.537 0.038 11  0 F
2450521.66777 18.637 0.033 11  0 D
2450523.56896 18.738 0.039 11  0 E
2450523.62136 18.720 0.029 11  0 C
2450523.67124 18.851 0.034 11  0 C
2450524.56124 18.814 0.037 11  0 C
2450524.61135 18.793 0.043 11  0 D
2450526.54852 18.530 0.042 11  0 F
2450526.65052 18.599 0.039 11 40 F
2450527.67370 18.678 0.034 11  0 C
2450530.56383 18.781 0.044 11  0 D
2450531.56121 18.669 0.035 11  0 C
2450532.55068 18.819 0.038 11  0 C
2450533.56796 18.851 0.043 11  0 E
2450534.60130 18.638 0.037 11  0 D
2450534.65305 18.751 0.042 11  0 E
2450535.54176 18.679 0.027 11 40 D
2450535.60206 18.543 0.036 11  0 E
2450535.67577 18.807 0.054 11  0 E
2450536.52082 18.754 0.032 11  0 D
2450536.56608 18.817 0.036 11  0 D
2450536.61657 18.769 0.042 11  0 E
2450537.51548 18.729 0.030 11  0 D
2450537.61568 18.905 0.036 11  0 C
2450537.66253 18.821 0.035 11  0 C
2450538.50348 18.779 0.033 11  0 D
2450538.55524 18.701 0.030 11  0 D
2450539.51211 18.871 0.035 11  0 B
2450539.62323 18.792 0.032 11  0 B
2450539.66731 18.808 0.031 11  0 B
2450540.54233 18.779 0.047 11  0 F
2450540.67336 18.790 0.034 11  0 B
2450541.52250 18.835 0.031 11  0 D
2450541.57955 18.724 0.029 11  0 C
2450542.51158 18.846 0.031 11  0 B
2450542.56349 18.817 0.032 11  0 C
2450542.61095 18.649 0.028 11 40 C
2450542.65509 18.819 0.035 11  0 C
2450543.54978 18.803 0.034 11  0 D
2450543.59387 18.820 0.033 11  0 C
2450543.63095 18.742 0.031 11  0 B
2450543.67496 18.881 0.037 11  0 B
2450544.50260 18.729 0.029 11  0 C
2450544.54691 18.806 0.035 11  0 D
2450544.59117 18.852 0.037 11  0 D
2450544.63638 18.927 0.037 11  0 C
2450551.49233 18.853 0.030 11  0 B
2450552.50062 18.877 0.036 11  0 B
2450553.50907 18.905 0.047 11  0 A
2450553.61981 18.856 0.057 11  0 C
2450554.48582 18.833 0.045 11  0 B
2450554.57129 18.903 0.065 11  0 D
2450559.52329 19.029 0.056 11 40 C
2450560.50139 18.917 0.068 11  0 B
2450561.50141 18.960 0.051 11  0 B
2450562.50292 18.863 0.056 11  0 D
2450565.50990 18.835 0.048 11  0 B
2450566.50392 18.848 0.040 11  0 A
2450567.50499 18.838 0.036 11  0 A
2450568.49025 18.730 0.056 11  0 E
2450569.50008 18.813 0.045 11  0 C
2450571.48588 18.891 0.049 11  0 B
2450572.51473 18.741 0.047 11  0 B
2450573.51858 18.833 0.056 11  0 E
2450574.47699 18.870 0.040 11  0 A
2450575.47563 18.752 0.048 11  0 C
2450577.48459 18.669 0.049 11 40 B
2450578.49761 18.775 0.037 11  0 A
2450583.48305 18.865 0.044 11  0 A
2450672.86841 18.837 0.035 11  0 C
2450689.89889 18.813 0.037 11  0 B
2450699.90229 18.839 0.040 11  0 B
2450701.81921 18.674 0.043 11  0 C
2450704.86169 18.795 0.041 11  0 C
2450706.84316 18.774 0.051 11  0 D
2450714.81057 18.826 0.036 11  0 B
2450716.77515 18.819 0.036 11  0 B
2450720.83152 18.754 0.043 11  0 C
2450728.77038 18.786 0.038 11  0 B
2450729.77037 18.812 0.041 11  0 C
2450730.72594 18.829 0.040 11  0 C
2450733.81690 18.861 0.059 11  0 F
2450741.82018 18.724 0.040 11  0 B
2450745.77499 18.665 0.041 11  0 D
2450747.82342 18.799 0.037 11  0 A
2450753.77136 18.903 0.046 11  0 C
2450759.81182 18.802 0.040 11  0 D
2450766.78599 18.825 0.056 11  0 B
2450772.80509 18.817 0.037 11  0 B
2450775.78680 18.778 0.031 11  0 A
2450779.80544 18.763 0.037 11  0 B
2450781.82233 18.751 0.036 11  0 B
2450787.78188 18.815 0.040 11  0 B
2450789.76586 18.842 0.042 11  0 B
2450790.77638 18.856 0.040 11  0 C
2450795.73398 18.855 0.038 11  0 A
2450796.80583 18.865 0.046 11  0 A
2450797.73365 18.850 0.041 11  0 A
2450798.70562 18.821 0.034 11  0 A
2450805.79053 18.702 0.046 11  0 C
2450816.76156 18.807 0.036 11  0 A
2450817.68078 18.873 0.037 11  0 B
2450819.78046 18.790 0.038 11  0 B
2450822.79464 18.852 0.032 11  0 A
2450824.82394 18.894 0.038 11  0 A
2450826.64743 18.896 0.042 11  0 A
2450829.71804 18.798 0.046 11  0 D
2450832.67423 18.822 0.042 11  0 A
2450836.77304 18.875 0.054 11  0 B
2450840.65243 18.710 0.045 11  0 C
2450843.65291 18.827 0.032 11  0 A
2450850.62648 18.832 0.038 11  0 B
2450854.65724 18.811 0.059 11  0 D
2450855.63122 18.792 0.048 11 40 B
2450856.59751 18.848 0.052 11  0 C
2450858.57011 18.963 0.048 11  0 B
2450864.67327 18.665 0.051 11  0 F
2450875.54543 18.788 0.037 11  0 C
2450879.63195 18.934 0.060 11  0 B
2450880.53104 18.831 0.043 11  0 C
2450887.54432 18.829 0.048 11  0 B
2450892.62786 18.686 0.041 11  0 B
2450895.51876 18.829 0.058 11  0 D
2450898.52556 18.795 0.031 11  0 A
2450922.59296 18.917 0.061 11  0 D
2450928.51886 18.705 0.052 11  0 D
2450931.54082 18.810 0.059 11  0 D
2450933.55059 18.807 0.047 11  0 B
2450947.49024 18.719 0.057 11  0 D
2450951.54020 18.856 0.038 11  0 A
2451045.87227 19.001 0.064 11  0 D
2451051.85883 18.714 0.045 11  0 E
2451052.89404 18.805 0.047 11  0 C
2451053.87419 18.825 0.039 11  0 D
2451054.88992 18.943 0.040 11 40 C
2451055.86242 18.926 0.057 11  0 E
2451059.87518 18.776 0.053 11  0 E
2451061.88491 18.939 0.061 11  0 D
2451068.86929 18.822 0.037 11  0 C
2451069.87998 18.766 0.039 11 40 B
2451071.89702 18.796 0.048 11  0 D
2451081.85743 18.841 0.034 11  0 B
2451087.80450 18.940 0.044 11  0 C
2451091.80698 18.718 0.050 11  0 C
2451095.78871 18.765 0.053 11  0 F
2451102.78942 18.803 0.026 11 40 A
2451106.84447 18.905 0.033 11  0 A
2451107.77223 18.916 0.042 11  0 B
2451113.78502 18.879 0.042 11  0 D
2451119.78976 18.848 0.045 11  0 B
2451126.81165 18.755 0.035 11  0 B
2451131.68359 18.828 0.051 11  0 E
2451132.73558 18.879 0.044 11  0 C
2451136.76884 18.825 0.040 11  0 B
2451138.79302 18.863 0.036 11  0 A
2451142.66003 18.881 0.035 11  0 B
2451144.72897 18.768 0.034 11  0 C
2451151.75481 18.820 0.043 11  0 A
2451158.75164 18.836 0.035 11  0 A
2451161.72957 18.720 0.029 11  0 A
2451165.75026 18.843 0.034 11  0 A
2451169.74519 18.781 0.038 11  0 C
2451174.71900 18.793 0.032 11  0 B
2451179.73582 18.736 0.048 11  0 B
2451181.80788 18.816 0.045 11  0 A
2451186.76232 18.793 0.031 11  0 A
2451187.82358 18.808 0.034 11  0 A
2451188.75158 18.764 0.029 11  0 A
2451196.70229 18.725 0.047 11 40 E
2451203.72959 18.838 0.039 11  0 B
2451207.58797 18.767 0.056 11  0 C
2451211.62570 18.855 0.041 11  0 A
2451214.62657 18.908 0.046 11  0 B
2451217.60146 18.849 0.033 11  0 A
2451220.60629 18.845 0.038 11  0 A
2451223.63250 18.865 0.045 11  0 B
2451225.57346 18.916 0.040 11  0 A
2451227.65399 18.920 0.040 11  0 D
2451231.54986 18.793 0.043 11  0 B
2451234.59810 18.872 0.046 11  0 C
2451236.60558 18.852 0.048 11  0 C
2451240.55605 18.858 0.048 11  0 B
2451242.65978 18.852 0.051 11  0 B
2451244.60722 18.899 0.046 11  0 C
2451247.53993 18.813 0.049 11  0 C
2451252.65583 18.824 0.050 11  0 D
2451256.52471 18.940 0.063 11  0 C
2451260.54879 18.867 0.049 11  0 B
2451265.52513 18.929 0.049 11  0 A
2451273.57102 18.885 0.061 11  0 C
2451277.50730 19.018 0.062 11  0 B
2451288.50559 18.696 0.049 11  0 B
2451290.57296 18.914 0.056 11  0 B
2451296.51034 18.845 0.051 11  0 A
2451298.54826 18.795 0.048 11  0 A
2451301.48996 18.886 0.056 11  0 B
2451305.53577 18.863 0.051 11  0 B
2451308.46529 18.802 0.048 11  0 B
2451313.51176 18.829 0.059 11  0 C
2451316.50366 18.760 0.027 11  0 B
2451319.47986 18.938 0.050 11  0 A
2451412.83819 18.740 0.051 11  0 E
2451418.83541 18.855 0.048 11  0 C
2451430.88990 18.889 0.038 11  0 B
2451432.82374 18.907 0.045 11  0 C
2451435.79976 18.821 0.059 11  0 E
2451437.78367 18.876 0.046 11  0 E
2451440.83135 18.715 0.048 11  0 E
2451447.86895 18.854 0.056 11  0 E
2451451.76406 18.948 0.054 11  0 D
2451458.85502 18.745 0.045 11  0 C
2451459.77067 18.867 0.049 11  0 D
2451470.83533 18.839 0.038 11  0 A
2451475.74792 18.878 0.044 11  0 A
2451481.67699 18.896 0.053 11  0 D
2451487.70637 18.862 0.040 11  0 B
2451490.70319 18.916 0.053 11  0 C
2451492.69630 18.784 0.048 11  0 C
2451495.69482 18.969 0.046 11  0 B
2451497.82100 18.860 0.059 11  0 C
2451499.65263 18.841 0.055 11  0 D
2451502.64781 18.939 0.061 11  0 E
2451505.68842 18.899 0.053 11  0 A
2451507.82192 18.889 0.052 11  0 B
2451510.79792 18.831 0.039 11  0 A
2451512.69463 18.791 0.054 11 40 E
2451514.80574 18.861 0.046 11  0 C
2451517.64120 18.880 0.050 11  0 C
2451519.71487 18.880 0.042 11  0 A
2451521.65060 18.867 0.043 11  0 B
2451523.77135 18.888 0.053 11  0 C
2451525.76570 18.852 0.036 11  0 B
2451527.69464 18.833 0.037 11  0 A
2451528.74101 18.832 0.035 11  0 A
2451529.76214 18.810 0.035 11  0 B
2451531.75523 18.869 0.045 11  0 B
2451538.71181 18.857 0.045 11  0 B
2451541.66791 18.770 0.029 11  0 A
2451542.69779 18.916 0.051 11  0 B
2451544.62375 18.922 0.042 11 40 B
2451547.75069 18.916 0.036 11  0 A
2451548.72829 18.874 0.041 11  0 B
2451549.72254 18.830 0.033 11  0 A
2451552.58730 18.891 0.043 11  0 C
2451554.71377 18.824 0.036 11  0 B
2451555.72051 18.940 0.047 11  0 B
2451562.72344 18.775 0.054 11  0 C
2451564.60203 18.834 0.057 11  0 B
2451567.69465 18.874 0.058 11  0 E
2451570.59997 18.921 0.053 11  0 C
2451574.77244 18.782 0.033 11  0 A
2451577.72415 18.863 0.042 11  0 B
2451580.75821 18.991 0.053 11  0 A
2451583.64355 18.793 0.040 11  0 B
2451585.73017 18.895 0.040 11  0 A
2451588.73786 18.991 0.068 11  0 D
2451593.57209 18.910 0.058 11  0 A
2451596.70585 18.795 0.057 11  0 C
2451599.62768 18.894 0.040 11  0 A
2451601.70376 18.845 0.058 11  0 C
2451604.58525 18.807 0.049 11  0 D
2451606.62020 19.008 0.055 11  0 C
2451609.66153 18.949 0.046 11  0 B
2451610.64662 19.024 0.058 11  0 C
2451613.53766 18.793 0.052 11  0 D
2451615.56962 18.770 0.039 11  0 B
2451617.64095 18.834 0.040 11  0 A
2451619.62464 18.803 0.051 11  0 A
2451620.57580 18.518 0.046 11  0 D
2451622.52596 18.796 0.054 11  0 B
2451624.52251 18.753 0.052 11 40 C
2451626.52336 18.717 0.050 11  0 D
2451627.64448 18.855 0.054 11  0 C
2451629.52346 18.910 0.047 11  0 B
2451630.60491 18.904 0.046 11  0 A
2451632.54145 18.886 0.053 11  0 B
2451634.51915 18.912 0.048 11  0 B
2451643.51112 18.868 0.055 11  0 B
2451654.54850 18.856 0.048 11  0 A
2451656.53471 18.783 0.048 11  0 C
2451659.54214 18.925 0.056 11  0 B
2451661.56613 18.774 0.049 11  0 C
2451664.52780 18.948 0.053 11  0 B
2451667.53299 18.875 0.061 11  0 C
2451670.55476 18.893 0.062 11  0 D
2451672.54373 18.843 0.058 11  0 B
2451769.88659 18.764 0.048 11  0 D
2451772.89326 18.914 0.048 11  0 B
2451775.89435 18.902 0.048 11  0 A
2451784.87893 18.841 0.050 11  0 B
2451789.86764 18.838 0.030 11  0 A
2451804.81726 18.854 0.048 11  0 C
2451808.89781 18.740 0.055 11  0 F
2451812.81235 18.857 0.037 11  0 A
2451816.82369 18.845 0.036 11  0 B
2451821.81426 18.906 0.040 11  0 C
2451823.85640 18.937 0.034 11  0 A
2451826.83949 18.857 0.044 11  0 B
2451829.81320 18.839 0.054 11  0 B
2451830.82653 18.919 0.053 11  0 A
2451834.86548 18.792 0.044 11  0 C
2451859.80261 18.860 0.045 11  0 B
2451861.81982 18.904 0.051 11  0 C
2451864.79726 18.958 0.043 11  0 B
2451865.77741 18.856 0.037 11  0 A
2451868.81682 18.876 0.032 11  0 A
2451870.75012 18.890 0.036 11  0 B
2451871.83408 18.744 0.049 11  0 E
2451873.79365 18.864 0.039 11  0 A
