2450455.68819 17.392 0.008 11  0 A
2450455.71583 17.411 0.008 11  0 A
2450455.76038 17.406 0.009 11  0 B
2450456.58349 17.403 0.008 11  0 A
2450456.62072 17.411 0.008 11  0 A
2450456.70394 17.404 0.009 11  0 B
2450456.75141 17.365 0.008 11  0 A
2450456.80284 17.396 0.009 11  0 B
2450457.55117 17.413 0.009 11  0 C
2450457.59511 17.411 0.009 11  0 A
2450457.65378 17.399 0.009 11  0 A
2450457.71233 17.393 0.008 11  0 A
2450457.77101 17.389 0.008 11  0 A
2450458.62750 17.407 0.009 11  0 B
2450458.68622 17.404 0.012 11  0 D
2450458.75542 17.419 0.011 11  0 D
2450459.54476 17.400 0.011 11  0 D
2450459.59097 17.415 0.011 11  0 B
2450459.64951 17.382 0.009 11 40 A
2450459.70898 17.391 0.008 11  0 A
2450459.75275 17.403 0.009 11  0 B
2450459.79660 17.404 0.009 11  0 A
2450461.55569 17.393 0.009 11  0 C
2450461.59951 17.391 0.009 11  0 B
2450461.65811 17.405 0.009 11  0 A
2450461.72429 17.387 0.008 11  0 A
2450461.78628 17.398 0.010 11  0 B
2450462.55620 17.395 0.009 11  0 B
2450462.61484 17.407 0.009 11  0 A
2450462.66082 17.398 0.008 11  0 A
2450465.65967 17.381 0.011 11  0 B
2450465.70734 17.394 0.011 11  0 C
2450465.79220 17.409 0.009 11  0 A
2450466.64343 17.394 0.009 11  0 B
2450466.70994 17.410 0.009 11  0 B
2450466.79491 17.407 0.010 11  0 C
2450467.64707 17.405 0.009 11  0 A
2450467.75168 17.426 0.010 11  0 A
2450467.81761 17.399 0.009 11  0 A
2450468.65376 17.383 0.013 11  0 D
2450468.72393 17.406 0.009 11  0 A
2450468.78254 17.405 0.008 11  0 A
2450469.65463 17.404 0.010 11  0 B
2450469.73144 17.379 0.010 11  0 B
2450469.79165 17.447 0.011 11 40 B
2450470.72942 17.384 0.012 11  0 C
2450471.64048 17.389 0.010 11  0 A
2450471.77724 17.378 0.011 11  0 B
2450472.61504 17.418 0.011 11  0 B
2450472.65892 17.363 0.009 11 40 A
2450472.70269 17.410 0.011 11  0 B
2450472.76865 17.428 0.011 11  0 A
2450472.84201 17.413 0.014 11  0 B
2450473.68272 17.414 0.016 11  0 D
2450474.69463 17.421 0.010 11  0 B
2450474.76108 17.377 0.013 11  0 D
2450475.52902 17.397 0.011 11  0 C
2450475.58780 17.430 0.011 11  0 B
2450475.65395 17.407 0.012 11  0 C
2450475.70608 17.418 0.012 11  0 C
2450475.75317 17.408 0.015 11  0 D
2450476.73411 17.395 0.011 11  0 C
2450477.52576 17.435 0.013 11  0 B
2450477.57133 17.425 0.009 11  0 A
2450477.72450 17.409 0.009 11  0 B
2450477.80538 17.403 0.010 11  0 A
2450477.84963 17.397 0.012 11  0 B
2450478.53190 17.396 0.010 11  0 B
2450478.75231 17.394 0.009 11  0 A
2450478.81125 17.430 0.009 11 40 A
2450479.53073 17.414 0.011 11  0 C
2450479.57465 17.407 0.008 11  0 A
2450479.76669 17.418 0.010 11  0 B
2450479.81227 17.396 0.011 11  0 B
2450480.56677 17.416 0.011 11  0 C
2450480.64794 17.383 0.009 11  0 B
2450480.74154 17.383 0.009 11  0 B
2450480.78562 17.382 0.010 11  0 C
2450481.55197 17.401 0.009 11  0 B
2450481.70037 17.419 0.009 11  0 B
2450481.74434 17.430 0.010 11 40 B
2450481.78830 17.414 0.010 11  0 B
2450482.70118 17.385 0.009 11  0 B
2450482.77913 17.394 0.010 11  0 C
2450483.56748 17.433 0.012 11  0 D
2450483.61190 17.405 0.010 11  0 C
2450483.65581 17.383 0.010 11  0 C
2450483.69979 17.423 0.010 11  0 C
2450483.74368 17.399 0.010 11  0 B
2450483.78761 17.430 0.010 11  0 C
2450484.56615 17.385 0.010 11  0 B
2450484.67483 17.431 0.010 11  0 B
2450484.71920 17.394 0.009 11  0 B
2450484.76322 17.410 0.010 11  0 B
2450485.56981 17.401 0.009 11  0 B
2450485.71671 17.409 0.009 11  0 B
2450485.76086 17.424 0.010 11  0 B
2450486.56627 17.395 0.009 11  0 B
2450486.61186 17.387 0.009 11  0 B
2450486.70840 17.404 0.010 11  0 C
2450486.75356 17.385 0.010 11  0 B
2450487.59323 17.400 0.008 11  0 B
2450487.64147 17.399 0.009 11  0 B
2450487.68931 17.416 0.009 11  0 B
2450487.73346 17.413 0.009 11  0 B
2450487.77762 17.396 0.009 11  0 B
2450488.57876 17.441 0.010 11  0 B
2450488.62273 17.406 0.009 11  0 B
2450488.69158 17.426 0.009 11 40 A
2450488.73560 17.435 0.010 11 40 B
2450488.77966 17.383 0.011 11  0 C
2450489.55452 17.401 0.009 11  0 B
2450489.61104 17.406 0.008 11  0 A
2450489.64348 17.380 0.008 11  0 A
2450489.68741 17.411 0.009 11  0 B
2450489.73133 17.400 0.009 11  0 A
2450489.77536 17.418 0.009 11  0 B
2450490.54777 17.416 0.008 11  0 B
2450490.68496 17.388 0.009 11  0 B
2450490.72905 17.414 0.009 11  0 A
2450490.77301 17.383 0.009 11  0 A
2450491.57227 17.416 0.009 11  0 D
2450491.62408 17.377 0.009 11 40 C
2450491.66820 17.405 0.010 11  0 B
2450491.78157 17.409 0.011 11  0 C
2450492.55643 17.412 0.011 11  0 C
2450492.60033 17.409 0.013 11  0 F
2450492.63078 17.404 0.010 11  0 C
2450492.67665 17.400 0.011 11  0 D
2450493.55946 17.415 0.009 11  0 B
2450493.60398 17.410 0.009 11  0 B
2450494.55419 17.385 0.010 11  0 D
2450494.59812 17.397 0.010 11 40 B
2450494.64235 17.416 0.010 11  0 B
2450494.68665 17.418 0.009 11 40 B
2450494.73167 17.395 0.010 11  0 B
2450495.55699 17.416 0.011 11  0 C
2450495.63063 17.389 0.012 11  0 D
2450495.68411 17.392 0.011 11  0 C
2450496.55240 17.410 0.010 11  0 B
2450496.59715 17.378 0.011 11  0 C
2450496.64122 17.389 0.011 11  0 C
2450496.68613 17.445 0.013 11  0 D
2450497.58012 17.406 0.010 11  0 A
2450498.55146 17.408 0.010 11  0 B
2450498.59550 17.408 0.010 11  0 B
2450498.70925 17.393 0.010 11  0 A
2450498.75318 17.398 0.011 11  0 B
2450499.54641 17.411 0.010 11  0 B
2450499.59212 17.428 0.010 11 40 C
2450499.73240 17.396 0.012 11  0 C
2450500.57394 17.423 0.012 11  0 C
2450500.58915 17.382 0.012 11  0 D
2450500.63401 17.429 0.014 11  0 D
2450500.68518 17.408 0.012 11  0 C
2450500.72959 17.384 0.012 11  0 B
2450501.55328 17.407 0.011 11  0 B
2450501.67206 17.376 0.013 11  0 B
2450507.54172 17.405 0.010 11  0 B
2450507.58693 17.404 0.009 11  0 B
2450507.65876 17.407 0.015 11  0 F
2450509.53764 17.397 0.010 11  0 C
2450509.58469 17.414 0.011 11  0 B
2450509.63701 17.391 0.011 11  0 C
2450510.57925 17.423 0.012 11  0 D
2450510.62480 17.415 0.011 11 40 C
2450510.67241 17.401 0.011 11  0 C
2450511.66469 17.399 0.011 11  0 D
2450512.57131 17.394 0.010 11 40 C
2450512.61969 17.441 0.014 11  0 E
2450512.69400 17.398 0.009 11  0 D
2450512.73951 17.379 0.009 11  0 B
2450513.55167 17.383 0.012 11  0 E
2450513.59721 17.392 0.010 11  0 B
2450513.68890 17.399 0.009 11  0 A
2450513.73613 17.434 0.010 11  0 B
2450514.55989 17.406 0.010 11  0 B
2450514.62896 17.408 0.009 11  0 A
2450514.67932 17.416 0.010 11  0 B
2450514.72617 17.421 0.010 11 40 B
2450515.55402 17.424 0.010 11  0 A
2450515.60693 17.405 0.008 11  0 A
2450515.65703 17.421 0.010 11  0 A
2450516.56033 17.417 0.011 11  0 B
2450516.61452 17.418 0.011 11  0 B
2450516.66151 17.441 0.010 11 40 B
2450516.70804 17.418 0.010 11  0 B
2450517.55832 17.411 0.011 11  0 B
2450517.60820 17.421 0.012 11  0 C
2450517.70434 17.385 0.011 11  0 C
2450518.59567 17.409 0.010 11  0 B
2450518.64093 17.384 0.010 11  0 B
2450518.69000 17.378 0.012 11  0 C
2450519.55631 17.391 0.008 11  0 A
2450519.60293 17.406 0.010 11  0 C
2450519.67048 17.404 0.011 11  0 D
2450520.69711 17.394 0.011 11  0 D
2450521.55260 17.424 0.012 11  0 D
2450521.59770 17.411 0.013 11  0 E
2450521.66050 17.384 0.012 11  0 D
2450523.56166 17.379 0.012 11  0 E
2450523.61296 17.392 0.010 11  0 C
2450523.66381 17.429 0.010 11  0 B
2450524.55391 17.408 0.012 11  0 C
2450524.60403 17.391 0.011 11  0 C
2450526.54126 17.402 0.012 11  0 E
2450526.64326 17.368 0.013 11  0 F
2450527.66644 17.426 0.011 11  0 C
2450530.55657 17.404 0.013 11  0 C
2450531.55396 17.386 0.012 11  0 C
2450532.54345 17.357 0.013 11  0 E
2450533.56070 17.440 0.015 11  0 E
2450534.54986 17.400 0.012 11  0 D
2450534.59405 17.407 0.013 11  0 D
2450534.64580 17.423 0.019 11  0 E
2450535.53451 17.420 0.010 11 40 C
2450535.59479 17.417 0.012 11  0 D
2450535.66851 17.416 0.012 11  0 D
2450536.51359 17.406 0.011 11  0 E
2450536.55882 17.369 0.011 11  0 D
2450536.60932 17.410 0.012 11  0 E
2450537.50823 17.406 0.011 11  0 D
2450537.60843 17.386 0.010 11  0 C
2450537.65525 17.386 0.010 11  0 B
2450538.49623 17.404 0.011 11  0 D
2450538.54795 17.401 0.011 11  0 D
2450539.50484 17.413 0.011 11  0 C
2450539.61597 17.402 0.010 11  0 B
2450539.66006 17.397 0.010 11  0 B
2450540.53505 17.400 0.015 11  0 F
2450540.66611 17.413 0.011 11  0 C
2450541.51520 17.382 0.009 11  0 C
2450541.57227 17.406 0.010 11  0 D
2450542.49496 17.399 0.011 11  0 C
2450542.50428 17.411 0.010 11  0 C
2450542.55621 17.421 0.010 11  0 C
2450542.60369 17.417 0.010 11  0 C
2450542.64782 17.406 0.011 11  0 D
2450543.54254 17.378 0.009 11  0 B
2450543.58662 17.411 0.010 11  0 C
2450543.62367 17.410 0.010 11  0 B
2450543.66770 17.407 0.011 11  0 C
2450544.49537 17.427 0.011 11  0 C
2450544.53962 17.403 0.011 11  0 D
2450544.58386 17.394 0.010 11  0 C
2450544.62910 17.402 0.011 11  0 C
2450551.48507 17.426 0.009 11  0 B
2450552.49338 17.408 0.010 11  0 B
2450553.50175 17.403 0.013 11  0 A
2450553.61254 17.428 0.014 11  0 B
2450554.47856 17.401 0.014 11  0 B
2450554.56400 17.386 0.016 11  0 C
2450555.48489 17.438 0.015 11  0 B
2450559.51605 17.411 0.015 11  0 C
2450561.49416 17.394 0.016 11  0 B
2450565.50266 17.386 0.013 11  0 B
2450566.49665 17.375 0.013 11  0 B
2450567.49774 17.392 0.012 11  0 A
2450568.48296 17.391 0.017 11  0 E
2450569.49280 17.415 0.015 11  0 C
2450571.47862 17.391 0.015 11  0 B
2450572.50712 17.378 0.016 11  0 B
2450573.51096 17.397 0.015 11  0 C
2450574.46938 17.394 0.014 11  0 C
2450575.46802 17.393 0.015 11  0 C
2450576.48307 17.384 0.016 11  0 C
2450577.47697 17.399 0.017 11  0 C
2450578.48999 17.406 0.013 11  0 A
2450583.47545 17.392 0.013 11  0 A
2450665.80075 17.406 0.011 11  0 B
2450672.86079 17.408 0.011 11  0 C
2450689.89125 17.402 0.012 11  0 B
2450699.89463 17.391 0.012 11  0 B
2450701.81156 17.401 0.015 11  0 C
2450704.85404 17.413 0.013 11  0 C
2450706.83554 17.411 0.018 11  0 E
2450714.80291 17.402 0.012 11  0 C
2450715.87567 17.383 0.012 11  0 B
2450716.76749 17.396 0.012 11  0 C
2450720.82387 17.307 0.013 11  0 E
2450728.76274 17.419 0.012 11  0 B
2450729.76271 17.406 0.013 11 40 D
2450730.71830 17.445 0.014 11  0 C
2450733.80925 17.423 0.019 11  0 F
2450741.81253 17.373 0.014 11  0 B
2450745.76734 17.388 0.012 11  0 C
2450747.81580 17.417 0.013 11  0 B
2450753.76371 17.409 0.012 11  0 C
2450759.80419 17.416 0.013 11  0 C
2450766.77834 17.385 0.016 11  0 B
2450772.79743 17.421 0.012 11  0 B
2450775.77915 17.402 0.011 11  0 A
2450779.79782 17.401 0.012 11  0 B
2450781.81468 17.395 0.013 11  0 B
2450787.77425 17.384 0.012 11  0 A
2450789.75820 17.388 0.013 11  0 B
2450790.76874 17.405 0.013 11  0 D
2450795.72635 17.393 0.012 11  0 A
2450796.79820 17.416 0.016 11  0 C
2450797.72601 17.423 0.011 11  0 A
2450798.69799 17.400 0.011 11  0 A
2450805.78289 17.396 0.015 11  0 C
2450816.75392 17.387 0.012 11  0 A
2450817.67314 17.407 0.011 11  0 A
2450819.77286 17.380 0.012 11  0 A
2450822.78703 17.398 0.011 11  0 A
2450824.81632 17.405 0.012 11  0 A
2450826.63981 17.412 0.013 11  0 A
2450829.71043 17.392 0.012 11  0 C
2450832.66660 17.414 0.013 11  0 A
2450836.76542 17.404 0.014 11  0 A
2450840.64481 17.384 0.014 11  0 C
2450843.64532 17.406 0.011 11  0 A
2450850.61887 17.392 0.011 11  0 B
2450854.64962 17.400 0.019 11  0 E
2450855.62364 17.385 0.013 11  0 A
2450856.58990 17.406 0.015 11  0 C
2450858.56251 17.384 0.013 11  0 B
2450860.74298 17.410 0.017 11  0 E
2450864.66566 17.419 0.018 11  0 E
2450875.53783 17.415 0.012 11  0 C
2450879.62433 17.419 0.015 11  0 D
2450880.52343 17.395 0.013 11  0 B
2450887.53671 17.423 0.016 11  0 C
2450892.62026 17.368 0.013 11  0 A
2450895.51114 17.505 0.015 11  0 C
2450898.51796 17.410 0.011 11  0 A
2450918.50504 17.435 0.019 11  0 E
2450922.58533 17.423 0.014 11  0 C
2450928.51125 17.405 0.016 11  0 C
2450931.53320 17.404 0.017 11  0 D
2450933.54299 17.399 0.013 11  0 B
2450940.52424 17.422 0.014 11  0 A
2450951.53258 17.406 0.011 11  0 B
2451045.86461 17.434 0.016 11  0 D
2451051.85117 17.439 0.016 11  0 E
2451052.88640 17.395 0.014 11  0 D
2451053.86656 17.410 0.013 11  0 C
2451054.88228 17.405 0.012 11  0 C
2451055.85478 17.408 0.016 11  0 E
2451059.86752 17.356 0.017 11  0 E
2451068.86164 17.422 0.015 11  0 C
2451069.87232 17.414 0.013 11  0 C
2451071.88938 17.424 0.013 11  0 D
2451081.84981 17.398 0.011 11  0 B
2451087.79687 17.378 0.013 11  0 D
2451091.79932 17.352 0.015 11  0 D
2451095.78108 17.403 0.017 11  0 F
2451102.78178 17.403 0.009 11  0 A
2451106.83684 17.392 0.011 11  0 A
2451107.76461 17.396 0.012 11  0 C
2451112.86456 17.399 0.012 11  0 A
2451119.78212 17.467 0.015 11  0 B
2451126.80402 17.443 0.013 11  0 B
2451131.67162 17.388 0.014 11  0 E
2451132.72795 17.400 0.013 11  0 B
2451136.76121 17.422 0.012 11  0 A
2451138.78534 17.415 0.012 11 40 A
2451142.65240 17.398 0.012 11  0 B
2451144.72133 17.416 0.011 11  0 A
2451151.74718 17.400 0.013 11  0 B
2451155.74643 17.437 0.013 11  0 B
2451158.74399 17.427 0.012 11  0 A
2451161.72194 17.401 0.010 11  0 B
2451165.74265 17.412 0.013 11  0 B
2451169.73757 17.415 0.012 11  0 C
2451174.71136 17.431 0.011 11 40 B
2451179.72822 17.388 0.014 11  0 A
2451181.80024 17.411 0.013 11 40 A
2451186.75469 17.422 0.012 11  0 A
2451187.81594 17.417 0.011 11  0 A
2451188.74397 17.391 0.010 11  0 A
2451196.69469 17.446 0.015 11  0 D
2451201.70361 17.391 0.014 11  0 E
2451203.72174 17.417 0.012 11 40 A
2451207.58038 17.381 0.016 11  0 C
2451211.61810 17.395 0.013 11  0 A
2451214.61896 17.399 0.014 11  0 B
2451217.59383 17.388 0.011 11  0 A
2451220.59866 17.401 0.012 11  0 A
2451223.62489 17.410 0.013 11  0 C
2451225.56582 17.411 0.012 11  0 B
2451227.64638 17.432 0.014 11  0 C
2451231.54228 17.409 0.014 11  0 B
2451234.59048 17.393 0.014 11  0 C
2451236.59800 17.388 0.016 11  0 D
2451240.54847 17.421 0.013 11  0 A
2451242.65022 17.393 0.015 11  0 B
2451244.59960 17.392 0.014 11  0 C
2451247.53233 17.424 0.015 11  0 C
2451252.64824 17.403 0.019 11  0 E
2451256.51709 17.403 0.018 11  0 D
2451260.53965 17.398 0.013 11  0 A
2451265.51753 17.419 0.015 11  0 B
2451273.56344 17.426 0.018 11  0 D
2451277.49970 17.387 0.015 11  0 B
2451288.49796 17.401 0.016 11  0 B
2451290.56537 17.418 0.015 11  0 B
2451296.50273 17.411 0.015 11  0 A
2451298.54066 17.446 0.015 11 40 A
2451301.48233 17.427 0.017 11 40 B
2451305.52817 17.398 0.017 11  0 D
2451308.45768 17.412 0.017 11  0 B
2451313.50416 17.385 0.017 11  0 C
2451316.49605 17.426 0.008 11  0 A
2451319.47227 17.423 0.015 11  0 B
2451412.83057 17.408 0.017 11  0 F
2451418.82776 17.391 0.016 11  0 D
2451430.88224 17.399 0.012 11  0 B
2451432.81608 17.416 0.013 11  0 C
2451435.79213 17.396 0.016 11  0 D
2451437.77603 17.387 0.014 11  0 D
2451440.82370 17.409 0.013 11  0 B
2451447.86127 17.414 0.017 11  0 D
2451451.75639 17.418 0.015 11  0 C
2451458.84735 17.400 0.015 11  0 C
2451459.76304 17.416 0.016 11  0 E
2451470.82768 17.413 0.012 11  0 B
2451475.74028 17.407 0.013 11  0 A
2451478.83054 17.385 0.013 11  0 B
2451481.66935 17.405 0.014 11  0 D
2451487.69872 17.405 0.013 11  0 B
2451490.69555 17.433 0.015 11  0 D
2451492.68864 17.426 0.016 11  0 D
2451495.68717 17.379 0.014 11  0 C
2451497.81334 17.413 0.015 11  0 B
2451499.64499 17.376 0.016 11  0 D
2451502.64019 17.411 0.018 11  0 E
2451505.68079 17.395 0.015 11  0 A
2451507.81428 17.429 0.015 11  0 B
2451510.79029 17.393 0.012 11  0 A
2451512.68699 17.432 0.016 11  0 D
2451514.79809 17.378 0.013 11  0 C
2451517.63357 17.411 0.016 11  0 D
2451519.70725 17.406 0.013 11  0 A
2451521.64299 17.392 0.013 11  0 B
2451523.76371 17.393 0.016 11  0 C
2451525.75808 17.414 0.011 11  0 A
2451527.68703 17.420 0.013 11  0 B
2451528.73337 17.393 0.011 11  0 A
2451529.75453 17.399 0.011 11  0 C
2451531.74760 17.427 0.013 11 40 B
2451538.70420 17.424 0.013 11  0 A
2451541.66028 17.411 0.010 11  0 A
2451542.69014 17.395 0.014 11  0 B
2451544.61615 17.411 0.013 11  0 B
2451547.74305 17.364 0.010 11  0 A
2451548.72066 17.418 0.011 11  0 A
2451549.71494 17.407 0.010 11  0 A
2451552.57967 17.404 0.012 11  0 B
2451554.70612 17.415 0.012 11  0 B
2451555.71290 17.385 0.013 11  0 B
2451562.71582 17.396 0.015 11  0 C
2451564.59442 17.439 0.015 11  0 A
2451567.68703 17.406 0.014 11  0 B
2451570.59238 17.434 0.014 11  0 C
2451574.78009 17.410 0.011 11  0 A
2451577.73179 17.422 0.013 11  0 B
2451580.76587 17.424 0.013 11 40 A
2451583.65119 17.417 0.013 11  0 A
2451585.73781 17.394 0.012 11  0 A
2451588.74550 17.433 0.017 11  0 D
2451591.71842 17.412 0.018 11  0 E
2451593.56449 17.398 0.015 11  0 A
2451596.71347 17.447 0.017 11  0 B
2451599.63535 17.407 0.012 11  0 A
2451601.71143 17.366 0.016 11  0 C
2451604.59290 17.410 0.014 11  0 C
2451606.62786 17.396 0.015 11  0 C
2451609.66917 17.385 0.013 11 40 B
2451610.65426 17.411 0.014 11  0 C
2451613.54533 17.374 0.014 11  0 D
2451615.57728 17.386 0.012 11  0 B
2451617.64862 17.407 0.013 11  0 A
2451619.63227 17.400 0.016 11  0 A
2451620.58344 17.440 0.016 11  0 C
2451622.53362 17.380 0.016 11  0 B
2451624.53019 17.430 0.015 11  0 B
2451626.53101 17.427 0.014 11  0 C
2451627.65213 17.369 0.014 11 40 B
2451629.53112 17.399 0.014 11  0 B
2451630.61258 17.378 0.012 11  0 A
2451632.54908 17.378 0.013 11  0 B
2451634.52682 17.410 0.013 11  0 B
2451643.51883 17.392 0.014 11  0 B
2451654.55614 17.392 0.015 11  0 B
2451659.54980 17.425 0.015 11  0 B
2451661.57376 17.375 0.013 11  0 B
2451664.53545 17.396 0.014 11  0 A
2451672.55142 17.417 0.016 11  0 B
2451691.51250 17.505 0.016 11  0 A
2451769.89423 17.409 0.017 11  0 E
2451772.90087 17.386 0.013 11  0 C
2451775.90198 17.403 0.014 11  0 A
2451784.88655 17.383 0.014 11  0 B
2451789.87525 17.410 0.010 11  0 B
2451804.82484 17.400 0.013 11  0 B
2451809.84922 17.406 0.011 11  0 B
2451812.81999 17.418 0.012 11  0 A
2451816.83130 17.402 0.010 11  0 B
2451821.82189 17.439 0.013 11  0 C
2451823.86402 17.389 0.011 11  0 A
2451826.84710 17.398 0.013 11  0 B
2451829.82079 17.394 0.016 11  0 B
2451830.83415 17.393 0.014 11  0 A
2451834.87308 17.402 0.015 11  0 C
2451859.81025 17.405 0.014 11 40 B
2451861.82742 17.400 0.013 11  0 B
2451864.80486 17.431 0.011 11 40 A
2451865.78503 17.420 0.012 11  0 B
2451866.85380 17.399 0.012 11  0 A
2451868.82447 17.417 0.011 11  0 A
2451870.75775 17.410 0.011 11  0 A
2451871.84170 17.387 0.011 11  0 A
2451873.80127 17.406 0.011 11  0 A
