2450744.76462 18.573 0.042 11  0 B
2450748.68254 18.505 0.043 11  0 E
2450750.79549 18.605 0.040 11  0 B
2450754.80038 18.639 0.058 11  0 E
2450759.70422 18.617 0.041 11  0 C
2450761.78543 18.599 0.044 11  0 C
2450827.68729 18.686 0.039 11  0 A
2450831.58993 18.566 0.050 11  0 E
2450833.57912 18.686 0.040 11  0 B
2450841.75024 18.581 0.035 11  0 A
2450842.74015 18.583 0.043 11  0 D
2450846.76703 18.678 0.040 11  0 B
2450856.66682 18.682 0.063 11  0 D
2450859.75538 18.616 0.043 11  0 A
2450860.64834 18.691 0.046 11  0 A
2450867.62075 18.565 0.043 11  0 D
2450874.68445 18.583 0.032 11  0 B
2450876.60051 18.641 0.039 11  0 B
2450876.70299 18.602 0.032 11  0 A
2450878.69053 18.739 0.045 11  0 C
2450880.62484 18.664 0.041 11  0 B
2450887.66910 18.610 0.057 11  0 D
2450890.69271 18.563 0.055 11  0 E
2450892.53948 18.640 0.039 11  0 B
2450893.70573 18.574 0.047 11  0 C
2450896.50745 18.629 0.042 11  0 B
2450900.56093 18.620 0.045 11  0 B
2450919.56282 18.635 0.060 11  0 B
2450925.51587 18.750 0.068 11  0 D
2450934.52263 18.645 0.060 11  0 C
2450950.51580 18.620 0.044 11  0 A
2451072.89839 18.678 0.045 11  0 C
2451079.80675 18.602 0.036 11  0 C
2451080.81038 18.622 0.035 11  0 C
2451083.82091 18.668 0.049 11  0 D
2451084.81634 18.648 0.039 11  0 C
2451086.84437 18.714 0.043 11  0 B
2451090.77202 18.575 0.055 11  0 D
2451091.87982 18.531 0.042 11  0 B
2451092.82243 18.679 0.050 11  0 B
2451093.83449 18.658 0.043 11  0 A
2451114.79384 18.636 0.031 11  0 A
2451119.83708 18.643 0.041 11  0 A
2451126.76149 18.717 0.050 11  0 C
2451129.82579 18.532 0.040 11  0 C
2451131.83171 18.592 0.051 11  0 D
2451132.82132 18.614 0.038 11  0 B
2451137.80352 18.623 0.036 11  0 A
2451138.84482 18.650 0.040 11  0 A
2451142.77150 18.713 0.037 11 40 A
2451152.72916 18.811 0.083 11  0 E
2451154.74470 18.675 0.043 11  0 B
2451155.70095 18.534 0.040 11  0 C
2451157.75483 18.597 0.062 11  0 D
2451159.76055 18.716 0.044 11  0 B
2451161.82458 18.623 0.033 11  0 A
2451163.82648 18.603 0.038 11  0 C
2451164.84139 18.619 0.032 11  0 A
2451166.75886 18.750 0.057 11  0 D
2451167.78510 18.738 0.060 11  0 E
2451168.76774 18.723 0.058 11  0 B
2451171.73662 18.560 0.028 11  0 A
2451175.73404 18.596 0.033 11  0 B
2451179.78343 18.666 0.051 11  0 A
2451181.74695 18.589 0.045 11  0 A
2451183.83188 18.657 0.037 11  0 B
2451185.82923 18.606 0.033 11  0 A
2451187.78455 18.618 0.034 11  0 A
2451189.72101 18.577 0.033 11  0 A
2451191.75972 18.637 0.032 11  0 B
2451192.81851 18.622 0.031 11  0 A
2451194.68609 18.549 0.044 11  0 E
2451201.77460 18.659 0.046 11  0 C
2451202.78381 18.586 0.040 11  0 B
2451204.69037 18.654 0.044 11  0 B
2451206.79053 18.607 0.042 11  0 B
2451207.70077 18.653 0.050 11  0 B
2451211.75869 18.770 0.065 11  0 B
2451214.67282 18.592 0.049 11  0 B
2451216.65403 18.679 0.037 11  0 A
2451217.73574 18.664 0.043 11  0 A
2451219.64944 18.627 0.043 11  0 B
2451220.75743 18.628 0.052 11  0 D
2451221.62328 18.667 0.052 11  0 C
2451224.59184 18.585 0.047 11  0 D
2451247.51545 18.655 0.047 11  0 B
2451261.51493 18.666 0.039 11  0 A
2451264.52594 18.637 0.051 11  0 B
2451267.54751 18.615 0.063 11  0 C
2451272.52779 18.719 0.056 11  0 C
2451274.54559 18.768 0.068 11  0 D
2451306.49363 18.633 0.046 11  0 B
2451431.86393 18.626 0.037 11  0 B
2451433.85886 18.704 0.054 11  0 D
2451436.76966 18.607 0.042 11  0 C
2451439.85062 18.644 0.037 11  0 B
2451441.86931 18.671 0.044 11  0 C
2451443.89099 18.757 0.047 11  0 C
2451447.82200 18.595 0.059 11  0 D
2451449.86381 18.560 0.054 11  0 E
2451454.87732 18.616 0.065 11  0 E
2451459.74454 18.753 0.072 11  0 F
2451462.82215 18.646 0.054 11  0 E
2451471.81982 18.559 0.038 11  0 B
2451476.71147 18.674 0.050 11  0 B
2451478.78983 18.614 0.042 11  0 B
2451484.77800 18.675 0.042 11  0 B
2451487.84888 18.566 0.038 11 40 A
2451489.75995 18.651 0.035 11  0 A
2451491.78864 18.637 0.047 11  0 C
2451493.73067 18.648 0.045 11  0 B
2451496.62756 18.568 0.050 11  0 C
2451498.69462 18.550 0.039 11  0 B
2451500.83486 18.629 0.039 11  0 B
2451503.67017 18.740 0.071 11  0 C
2451505.77747 18.638 0.050 11  0 A
2451507.72844 18.619 0.050 11  0 B
2451508.68115 18.604 0.038 11  0 A
2451509.70643 18.642 0.042 11  0 A
2451511.69968 18.737 0.052 11 40 B
2451512.80441 18.604 0.042 11  0 B
2451514.74806 18.675 0.051 11  0 E
2451517.71318 18.648 0.035 11  0 A
2451519.66674 18.674 0.045 11  0 B
2451522.74693 18.590 0.040 11  0 B
2451523.69186 18.756 0.066 11  0 D
2451525.66835 18.672 0.054 11  0 D
2451527.78783 18.568 0.041 11  0 B
2451528.79623 18.618 0.040 11  0 C
2451529.83941 18.605 0.039 11  0 B
2451538.77395 18.602 0.043 11  0 B
2451542.79852 18.605 0.039 11  0 A
2451544.74043 18.574 0.035 11  0 A
2451547.81302 18.691 0.038 11  0 B
2451548.82254 18.651 0.035 11  0 A
2451552.70901 18.624 0.038 11  0 A
2451553.78403 18.678 0.039 11  0 B
2451554.79927 18.599 0.030 11  0 A
2451555.78765 18.577 0.042 11  0 C
2451562.78542 18.637 0.052 11  0 B
2451566.63338 18.673 0.047 11  0 A
2451568.65629 18.643 0.059 11  0 D
2451571.71953 18.568 0.039 11  0 B
2451575.68234 18.635 0.044 11  0 C
2451581.66728 18.667 0.047 11  0 D
2451584.64340 18.573 0.039 11  0 A
2451586.65226 18.654 0.041 11  0 A
2451592.64133 18.643 0.042 11  0 B
2451593.54348 18.624 0.059 11  0 C
2451595.61607 18.624 0.048 11  0 B
2451600.64916 18.567 0.054 11  0 D
2451658.51178 18.654 0.052 11  0 B
2451660.48979 18.623 0.055 11  0 C
2451670.49911 18.707 0.051 11  0 B
2451782.89889 18.649 0.051 11  0 C
2451783.89001 18.754 0.052 11  0 C
2451790.87689 18.643 0.036 11  0 A
2451818.86355 18.710 0.052 11  0 C
2451823.88024 18.656 0.039 11  0 B
2451826.86312 18.608 0.038 11  0 B
2451843.79913 18.712 0.046 11  0 B
2451843.84738 18.603 0.043 11  0 C
2451844.81424 18.554 0.038 11  0 A
2451849.61805 18.613 0.051 11  0 E
2451850.71657 18.539 0.049 11  0 D
2451855.79085 18.658 0.040 11  0 C
2451858.59934 18.556 0.065 11  0 E
2451858.70302 18.546 0.050 11  0 C
2451858.79267 18.729 0.057 11  0 C
2451860.76453 18.734 0.059 11  0 C
2451860.83439 18.646 0.046 11  0 A
2451862.61214 18.810 0.072 11  0 D
2451862.74663 18.718 0.047 11  0 A
2451864.60860 18.642 0.048 11  0 C
2451864.75079 18.627 0.039 11  0 B
2451864.84290 18.662 0.037 11  0 A
2451866.67654 18.589 0.035 11  0 A
2451866.78932 18.650 0.041 11  0 A
2451866.84534 18.584 0.034 11  0 A
2451868.65617 18.636 0.038 11  0 A
2451868.74739 18.657 0.034 11  0 A
2451869.78179 18.608 0.048 11  0 D
2451869.82157 18.543 0.044 11  0 D
2451870.71156 18.677 0.042 11  0 B
2451870.82187 18.699 0.054 11  0 C
2451872.69734 18.664 0.044 11  0 A
2451872.77285 18.657 0.048 11  0 C
