2450455.64171 19.986 0.063 11  0 A
2450455.72309 20.146 0.073 11  0 A
2450455.77068 19.966 0.072 11  0 B
2450456.59075 19.919 0.067 11  0 C
2450456.64049 19.981 0.079 11  0 C
2450456.75867 20.035 0.069 11  0 A
2450456.81013 19.991 0.079 11  0 B
2450457.60240 19.912 0.067 11  0 A
2450457.66108 19.966 0.073 11  0 A
2450457.77829 20.211 0.092 11  0 A
2450458.63480 20.022 0.075 11  0 C
2450459.59824 19.857 0.078 11  0 B
2450459.65680 20.083 0.077 11  0 A
2450459.71624 19.809 0.103 11  0 A
2450459.76008 20.033 0.077 11  0 A
2450459.80389 19.974 0.076 11  0 A
2450461.56296 19.865 0.064 11  0 B
2450461.60677 20.403 0.111 11 40 A
2450461.66538 19.805 0.059 11  0 A
2450461.73156 19.876 0.059 11  0 A
2450461.79355 20.136 0.097 11 40 B
2450462.56347 19.916 0.066 11  0 B
2450462.62211 19.980 0.064 11  0 A
2450462.66811 19.823 0.056 11  0 A
2450465.66693 19.809 0.081 11  0 C
2450465.71461 19.987 0.095 11  0 C
2450465.79946 19.994 0.084 11  0 B
2450466.80219 19.845 0.071 11  0 C
2450467.75895 20.085 0.088 11  0 A
2450467.82489 19.867 0.075 11  0 A
2450468.73122 19.946 0.075 11  0 A
2450468.78981 19.882 0.067 11  0 A
2450468.82638 20.031 0.067 11  0 B
2450472.77591 20.014 0.114 11  0 B
2450474.70188 19.905 0.088 11  0 B
2450474.76833 20.370 0.186 11  0 E
2450476.74605 19.970 0.103 11  0 C
2450477.81266 19.940 0.092 11  0 A
2450477.85688 20.090 0.110 11  0 B
2450478.81854 19.962 0.075 11  0 B
2450479.75938 20.195 0.110 11  0 B
2450481.55926 20.084 0.093 11  0 B
2450481.70765 19.978 0.074 11  0 A
2450487.74072 20.035 0.084 11  0 C
2450487.78489 20.184 0.097 11  0 C
2450488.58602 20.066 0.099 11  0 B
2450488.63002 19.923 0.065 11  0 A
2450488.74287 19.787 0.067 11  0 B
2450488.78694 19.896 0.089 11  0 C
2450489.56179 20.134 0.081 11  0 B
2450489.65077 20.147 0.080 11  0 A
2450489.73860 20.043 0.080 11  0 A
2450489.78262 19.997 0.085 11  0 B
2450490.73632 19.998 0.075 11  0 A
2450490.78032 19.893 0.073 11  0 A
2450491.57953 19.951 0.084 11  0 D
2450491.63134 19.969 0.067 11  0 B
2450491.67546 19.972 0.079 11  0 B
2450491.78888 19.910 0.084 11  0 B
2450492.68390 19.931 0.118 11  0 E
2450493.56674 20.689 0.178 11  0 A
2450493.61124 20.198 0.105 11  0 B
2450494.60537 20.086 0.113 11  0 D
2450494.69392 19.962 0.079 11  0 B
2450494.73893 20.142 0.100 11  0 B
2450495.69139 20.039 0.146 11  0 D
2450496.55965 20.371 0.165 11  0 B
2450496.60440 20.139 0.134 11  0 D
2450496.69338 19.916 0.135 11  0 E
2450497.73284 19.907 0.104 11  0 B
2450498.55873 20.009 0.107 11  0 B
2450498.60278 19.975 0.078 11  0 A
2450498.71652 19.935 0.083 11  0 A
2450498.76045 19.882 0.087 11  0 B
2450499.55369 20.097 0.114 11  0 B
2450499.59937 19.896 0.076 11  0 A
2450499.73967 19.839 0.093 11  0 C
2450500.56663 19.947 0.106 11  0 B
2450500.59640 19.928 0.110 11  0 C
2450500.64127 19.934 0.118 11  0 C
2450500.69244 19.939 0.100 11  0 B
2450500.73687 19.893 0.114 11  0 C
2450501.56058 19.884 0.095 11  0 B
2450501.67933 20.417 0.182 11  0 B
2450507.66601 19.923 0.113 11  0 E
2450509.54488 20.030 0.092 11  0 B
2450509.59195 20.117 0.115 11  0 B
2450509.64427 19.958 0.104 11  0 B
2450510.67967 19.800 0.094 11  0 D
2450511.67196 20.000 0.120 11  0 E
2450512.57860 19.976 0.090 11  0 D
2450512.62698 20.243 0.140 11  0 D
2450512.70126 19.993 0.088 11  0 B
2450512.74679 20.161 0.096 11  0 B
2450513.55891 19.916 0.087 11  0 D
2450513.60449 20.244 0.096 11  0 B
2450513.69616 19.957 0.077 11  0 A
2450513.74341 19.874 0.079 11  0 B
2450514.56716 19.986 0.076 11  0 A
2450514.63622 19.739 0.065 11  0 B
2450514.68656 19.927 0.080 11  0 B
2450514.73342 19.984 0.087 11  0 B
2450515.56131 19.886 0.069 11  0 A
2450515.61606 20.197 0.084 11  0 A
2450515.66427 20.072 0.095 11  0 A
2450516.62178 19.939 0.089 11  0 B
2450516.66877 19.944 0.088 11  0 B
2450516.71531 20.242 0.114 11  0 B
2450517.56560 20.046 0.102 11  0 C
2450517.61545 20.117 0.117 11  0 C
2450517.66543 20.134 0.117 11  0 C
2450517.71161 20.066 0.103 11  0 B
2450518.60294 20.213 0.122 11  0 C
2450518.64820 19.913 0.094 11  0 B
2450518.69727 20.231 0.150 11  0 C
2450519.56358 20.089 0.076 11  0 A
2450519.61020 19.935 0.066 11  0 A
2450519.67773 20.062 0.125 11  0 E
2450520.70437 19.927 0.096 11  0 C
2450521.55986 19.997 0.092 11  0 C
2450521.60501 19.908 0.126 11  0 F
2450521.66777 19.768 0.090 11  0 D
2450523.56896 19.858 0.103 11  0 E
2450523.62136 19.930 0.084 11  0 C
2450523.67124 19.979 0.093 11  0 C
2450524.56124 20.342 0.143 11  0 C
2450524.61135 19.592 0.086 11  0 D
2450526.54852 19.770 0.125 11  0 F
2450526.65052 20.183 0.158 11  0 F
2450527.67370 19.903 0.102 11  0 C
2450530.56383 20.083 0.142 11  0 D
2450531.56121 20.150 0.130 11  0 C
2450533.56796 20.097 0.129 11  0 E
2450534.55713 19.773 0.101 11  0 E
2450534.60130 19.641 0.089 11  0 D
2450534.65305 20.116 0.143 11  0 E
2450535.54176 19.954 0.082 11  0 D
2450535.60206 19.847 0.104 11  0 E
2450535.67577 20.030 0.141 11  0 E
2450536.52082 19.970 0.093 11  0 D
2450536.56608 19.877 0.091 11  0 D
2450536.61657 19.895 0.115 11  0 E
2450537.51548 19.946 0.086 11  0 D
2450537.61568 20.056 0.098 11  0 C
2450537.66253 19.906 0.091 11  0 C
2450538.50348 19.918 0.090 11  0 D
2450538.55524 19.899 0.085 11  0 D
2450539.51211 20.007 0.097 11  0 B
2450539.62323 19.927 0.086 11  0 B
2450539.66731 20.181 0.105 11  0 B
2450540.54233 19.710 0.105 11  0 F
2450540.67336 19.923 0.092 11  0 B
2450541.52250 20.279 0.108 11  0 D
2450541.57955 19.938 0.082 11  0 C
2450542.51158 20.131 0.096 11  0 B
2450542.56349 20.133 0.100 11  0 C
2450542.61095 20.052 0.094 11  0 C
2450542.65509 19.974 0.097 11  0 C
2450543.54978 20.105 0.105 11  0 D
2450543.59387 19.895 0.083 11  0 C
2450543.63095 19.953 0.089 11  0 B
2450543.67496 19.945 0.093 11  0 B
2450544.50260 20.346 0.121 11  0 C
2450544.54691 20.021 0.102 11  0 D
2450544.59117 19.758 0.082 11  0 D
2450544.63638 19.896 0.087 11  0 C
2450551.49233 20.168 0.093 11  0 B
2450559.52329 19.785 0.109 11  0 C
2450561.50141 19.881 0.114 11  0 B
2450562.50292 20.002 0.155 11  0 D
2450565.50990 20.013 0.136 11  0 B
2450566.50392 19.977 0.106 11  0 A
2450567.50499 20.097 0.107 11  0 A
2450568.49025 19.924 0.161 11  0 E
2450569.50008 20.013 0.130 11  0 C
2450571.48588 19.910 0.119 11  0 B
2450572.51473 20.171 0.165 11  0 B
2450573.51858 19.986 0.155 11  0 E
2450577.48459 19.979 0.154 11  0 B
2450578.49761 20.065 0.113 11  0 A
2450583.48305 20.191 0.140 11  0 A
2450672.86841 20.092 0.101 11  0 C
2450701.81921 19.812 0.117 11  0 C
2450704.86169 19.964 0.115 11  0 C
2450716.77515 20.104 0.109 11  0 B
2450720.83152 20.037 0.132 11  0 C
2450728.77038 19.842 0.096 11  0 B
2450781.82233 19.954 0.127 11  0 B
2450795.73398 20.140 0.115 11 40 A
2450796.80583 19.976 0.122 11  0 A
2450797.73365 19.978 0.110 11  0 A
2450798.70562 20.026 0.095 11  0 A
2450805.79053 20.059 0.154 11  0 C
2450819.78046 19.827 0.093 11  0 B
2450824.82394 19.835 0.085 11  0 A
2450826.64743 19.968 0.106 11  0 A
2450836.77304 20.094 0.161 11  0 B
2450843.65291 19.894 0.080 11  0 A
2450850.62648 19.937 0.098 11  0 B
2450855.63122 20.062 0.148 11  0 B
2450858.57011 19.796 0.099 11  0 B
2450875.54543 19.899 0.097 11  0 C
2450879.63195 19.753 0.126 11  0 B
2450880.53104 19.917 0.110 11  0 C
2450887.54432 19.931 0.127 11  0 B
2450892.62786 19.840 0.115 11  0 B
2450895.51876 20.025 0.168 11  0 D
2450898.52556 20.347 0.121 11  0 A
2450922.59296 19.972 0.155 11  0 D
2450931.54082 19.729 0.133 11  0 D
2450933.55059 19.816 0.116 11  0 B
2450951.54020 19.849 0.089 11  0 A
2451045.87227 19.865 0.136 11  0 D
2451051.85883 19.827 0.120 11  0 E
2451052.89404 20.067 0.142 11  0 C
2451053.87419 20.312 0.143 11  0 D
2451054.88992 20.026 0.103 11  0 C
2451055.86242 20.290 0.195 11  0 E
2451059.87518 20.580 0.268 11  0 E
2451061.88491 20.254 0.198 11  0 D
2451068.86929 19.923 0.096 11  0 C
2451069.87998 19.881 0.103 11  0 B
2451071.89702 19.866 0.122 11  0 D
2451081.85743 19.923 0.086 11  0 B
2451087.80450 19.889 0.102 11 40 C
2451091.80698 19.870 0.140 11  0 C
2451095.78871 20.181 0.187 11  0 F
2451102.78942 20.075 0.076 11  0 A
2451106.84447 20.000 0.083 11  0 A
2451107.77223 20.161 0.124 11  0 B
2451113.78502 19.830 0.096 11  0 D
2451119.78976 20.012 0.127 11  0 B
2451126.81165 20.015 0.106 11  0 B
2451131.68359 19.837 0.124 11  0 E
2451132.73558 20.073 0.125 11  0 C
2451136.76884 19.940 0.105 11  0 B
2451138.79302 20.093 0.105 11  0 A
2451142.66003 20.362 0.126 11 40 B
2451144.72897 20.409 0.144 11  0 C
2451151.75481 20.153 0.139 11 40 A
2451155.75407 19.872 0.096 11  0 A
2451158.75164 20.257 0.122 11  0 A
2451161.72957 19.946 0.083 11  0 A
2451165.75026 19.920 0.086 11  0 A
2451169.74519 19.732 0.086 11  0 C
2451174.71900 19.884 0.081 11  0 B
2451179.73582 19.897 0.135 11  0 B
2451181.80788 19.571 0.088 11 40 A
2451186.76232 20.060 0.094 11  0 A
2451187.82358 20.075 0.102 11  0 A
2451188.75158 20.106 0.092 11  0 A
2451196.70229 19.912 0.134 11  0 E
2451201.71120 20.252 0.154 11  0 D
2451203.72959 20.066 0.113 11  0 B
2451211.62570 19.760 0.090 11  0 A
2451220.60629 19.954 0.098 11  0 A
2451223.63250 20.044 0.127 11  0 B
2451234.59810 20.127 0.138 11  0 C
2451236.60558 20.006 0.132 11  0 C
2451240.55605 19.964 0.126 11  0 B
2451247.53993 20.104 0.153 11  0 C
2451256.52471 20.117 0.182 11  0 C
2451260.54879 19.804 0.112 11  0 B
2451265.52513 20.037 0.130 11  0 A
2451277.50730 20.106 0.161 11  0 B
2451288.50559 20.035 0.162 11  0 B
2451296.51034 20.003 0.142 11  0 A
2451301.48996 19.780 0.124 11  0 B
2451308.46529 19.957 0.134 11  0 B
2451316.50366 20.128 0.093 11  0 B
2451319.47986 19.925 0.120 11  0 A
2451412.83819 19.948 0.148 11  0 E
2451418.83541 20.024 0.133 11  0 C
2451430.88990 19.667 0.074 11  0 B
2451432.82374 20.089 0.124 11  0 C
2451435.79976 20.041 0.175 11  0 E
2451437.78367 19.918 0.113 11  0 E
2451440.83135 20.156 0.172 11  0 E
2451447.86895 19.866 0.138 11  0 E
2451451.76406 19.973 0.134 11  0 D
2451458.85502 20.218 0.162 11  0 C
2451459.77067 19.943 0.128 11  0 D
2451470.83533 19.890 0.093 11  0 A
2451475.74792 20.193 0.138 11  0 A
2451478.83817 19.857 0.104 11  0 B
2451481.67699 19.846 0.121 11  0 D
2451487.70637 19.934 0.100 11  0 B
2451490.70319 20.171 0.161 11  0 C
2451492.69630 19.936 0.133 11  0 C
2451495.69482 19.906 0.103 11  0 B
2451497.82100 20.156 0.187 11  0 C
2451499.65263 20.326 0.208 11  0 D
2451502.64781 20.046 0.162 11  0 E
2451505.68842 20.059 0.146 11  0 A
2451507.82192 19.947 0.132 11  0 B
2451510.79792 20.275 0.137 11  0 A
2451512.69463 19.620 0.111 11  0 E
2451514.80574 19.889 0.113 11  0 C
2451517.64120 20.265 0.171 11  0 C
2451519.71487 20.192 0.131 11  0 A
2451521.65060 20.085 0.125 11  0 B
2451523.77135 20.268 0.181 11  0 C
2451525.76570 19.923 0.090 11  0 B
2451527.69464 19.766 0.083 11  0 A
2451528.74101 20.085 0.103 11  0 A
2451529.76214 19.977 0.096 11  0 B
2451538.71181 19.922 0.114 11  0 B
2451541.66791 20.073 0.085 11  0 A
2451542.69779 19.894 0.119 11  0 B
2451544.62375 20.171 0.141 11  0 B
2451547.75069 20.025 0.091 11  0 A
2451548.72829 19.824 0.094 11  0 B
2451549.72254 19.841 0.076 11  0 A
2451552.58730 19.752 0.091 11  0 C
2451554.71377 19.946 0.096 11  0 B
2451555.72051 19.842 0.102 11  0 B
2451562.72344 19.847 0.139 11  0 C
2451564.60203 19.646 0.116 11  0 B
2451567.69465 19.921 0.145 11  0 E
2451570.59997 19.912 0.126 11  0 C
2451577.72415 19.898 0.103 11  0 B
2451583.64355 19.779 0.095 11  0 B
2451585.73017 19.863 0.092 11  0 A
2451588.73786 19.768 0.135 11  0 D
2451593.57209 20.092 0.167 11  0 A
2451599.62768 19.801 0.087 11  0 A
2451604.58525 19.990 0.139 11  0 D
2451606.62020 20.085 0.141 11  0 C
2451615.56962 20.047 0.137 11  0 B
2451622.52596 19.591 0.109 11  0 B
2451624.52251 20.014 0.158 11  0 C
2451626.52336 19.973 0.151 11  0 D
2451629.52346 20.142 0.138 11  0 B
2451630.60491 19.798 0.101 11  0 A
2451632.54145 19.661 0.104 11  0 B
2451634.51915 19.868 0.110 11  0 B
2451643.51112 20.203 0.183 11  0 B
2451656.53471 19.972 0.140 11  0 C
2451664.52780 19.808 0.115 11  0 B
2451769.88659 20.185 0.169 11  0 D
2451772.89326 19.747 0.099 11  0 B
2451775.89435 20.070 0.134 11  0 A
2451784.87893 20.075 0.149 11  0 B
2451789.86764 20.053 0.084 11  0 A
2451804.81726 20.122 0.147 11  0 C
2451808.89781 20.813 0.355 11  0 F
2451812.81235 19.899 0.091 11  0 A
2451823.85640 19.966 0.080 11  0 A
2451826.83949 20.361 0.164 11  0 B
2451830.82653 19.675 0.103 11  0 A
2451834.86548 20.379 0.181 11  0 C
2451859.80261 19.887 0.111 11  0 B
2451861.81982 19.868 0.119 11  0 C
2451864.79726 20.347 0.145 11 40 B
2451865.77741 19.768 0.082 11  0 A
2451868.81682 19.899 0.074 11  0 A
2451870.75012 20.104 0.102 11  0 B
2451871.83408 19.836 0.129 11  0 E
2451873.79365 19.771 0.086 11  0 A
