2450455.66132 20.649 0.112 11  0 A
2450455.73765 20.417 0.102 11  0 B
2450455.78522 20.468 0.117 11  0 B
2450456.60533 20.575 0.133 11  0 B
2450456.65507 20.295 0.122 11  0 D
2450456.72583 20.122 0.101 11  0 C
2450456.77326 20.366 0.097 11  0 A
2450456.82468 20.367 0.115 11  0 B
2450457.57301 20.721 0.157 11  0 A
2450457.61697 20.485 0.112 11  0 A
2450457.67560 20.105 0.089 11  0 A
2450457.73419 20.516 0.125 11  0 A
2450457.79283 20.123 0.093 11  0 A
2450458.64941 20.726 0.154 11  0 B
2450458.71848 20.383 0.143 11  0 C
2450459.56662 20.477 0.146 11  0 B
2450459.61279 20.463 0.137 11  0 B
2450459.67136 20.445 0.110 11  0 A
2450459.73078 20.381 0.103 11  0 B
2450459.77465 20.551 0.139 11  0 B
2450459.81846 20.183 0.092 11  0 B
2450461.57751 20.506 0.123 11  0 A
2450461.62130 20.280 0.099 11  0 A
2450461.67997 20.343 0.100 11  0 A
2450461.74610 20.578 0.116 11  0 A
2450461.80811 20.261 0.120 11  0 D
2450462.57805 20.633 0.121 11  0 A
2450462.63669 20.334 0.094 11  0 A
2450462.68266 20.565 0.115 11  0 A
2450465.68152 20.352 0.175 11  0 E
2450465.72920 20.285 0.140 11  0 D
2450465.81398 20.319 0.112 11  0 A
2450466.66522 20.613 0.156 11  0 B
2450466.73175 20.250 0.100 11  0 B
2450466.81675 20.246 0.117 11  0 C
2450467.66890 20.310 0.106 11  0 A
2450467.77348 20.630 0.138 11  0 A
2450467.83945 20.186 0.121 11  0 B
2450468.67981 20.084 0.105 11  0 B
2450468.74575 20.514 0.134 11  0 B
2450468.80436 20.182 0.090 11  0 A
2450468.84093 20.516 0.112 11  0 B
2450469.67649 20.356 0.149 11  0 B
2450469.75458 20.510 0.151 11  0 A
2450469.81349 19.999 0.107 11  0 B
2450470.75121 20.223 0.132 11  0 D
2450471.66228 20.282 0.114 11  0 B
2450471.79907 20.032 0.108 11  0 A
2450472.63695 20.306 0.111 11  0 A
2450472.68074 20.635 0.139 11  0 A
2450472.72454 20.690 0.212 11  0 B
2450472.79048 20.181 0.130 11  0 B
2450474.71646 20.397 0.144 11  0 B
2450475.55082 20.467 0.148 11  0 C
2450475.60962 20.193 0.108 11  0 B
2450475.67574 20.357 0.161 11  0 C
2450475.72787 20.940 0.284 11  0 C
2450476.76188 20.166 0.121 11  0 C
2450477.54758 20.587 0.134 11  0 A
2450477.59887 20.221 0.095 11  0 A
2450477.74635 20.517 0.125 11  0 A
2450477.82721 20.414 0.148 11  0 B
2450478.55374 20.437 0.131 11  0 B
2450478.77412 20.595 0.142 11  0 A
2450478.83306 20.290 0.106 11  0 B
2450479.55255 20.140 0.095 11  0 C
2450479.59644 20.419 0.110 11  0 A
2450479.74478 20.389 0.128 11  0 A
2450479.83406 20.470 0.191 11  0 D
2450480.58861 20.371 0.132 11  0 C
2450480.66976 20.451 0.106 11  0 B
2450480.76334 20.880 0.185 11  0 B
2450480.80747 20.277 0.117 11  0 C
2450481.57378 20.292 0.122 11  0 B
2450481.72216 20.277 0.110 11  0 C
2450481.76614 20.553 0.167 11  0 D
2450481.81009 20.325 0.130 11  0 D
2450482.72302 20.576 0.142 11  0 B
2450482.80093 20.240 0.093 11  0 A
2450483.58929 20.360 0.131 11  0 D
2450483.63376 20.639 0.167 11  0 D
2450483.67760 20.422 0.132 11  0 C
2450483.72159 20.308 0.107 11  0 B
2450483.76551 20.980 0.230 11  0 C
2450483.80942 20.536 0.163 11  0 D
2450484.58797 20.719 0.178 11  0 B
2450484.69665 20.418 0.126 11  0 A
2450484.74100 20.095 0.092 11  0 B
2450484.78502 20.400 0.131 11  0 B
2450485.59161 20.478 0.128 11  0 B
2450485.73855 20.364 0.114 11  0 B
2450485.78266 19.902 0.080 11  0 C
2450486.58813 20.258 0.114 11  0 C
2450486.63370 20.769 0.162 11  0 B
2450486.73021 21.121 0.263 11  0 C
2450486.77539 20.426 0.123 11  0 B
2450487.61509 20.409 0.096 11  0 B
2450487.66335 20.746 0.150 11  0 B
2450487.71118 20.292 0.089 11  0 B
2450487.75528 20.458 0.120 11  0 B
2450487.79944 20.194 0.109 11  0 C
2450488.60057 20.485 0.118 11  0 B
2450488.64454 20.512 0.114 11  0 A
2450488.71339 20.347 0.117 11  0 B
2450488.75738 21.277 0.281 11 40 B
2450488.80146 20.330 0.130 11  0 C
2450489.57632 20.692 0.137 11  0 A
2450489.66531 20.644 0.123 11  0 A
2450489.70920 20.486 0.123 11  0 B
2450489.75315 20.223 0.094 11  0 A
2450490.56955 20.476 0.095 11  0 A
2450490.70674 20.500 0.121 11  0 A
2450490.75085 20.056 0.091 11  0 B
2450490.79485 20.278 0.101 11  0 A
2450491.59405 20.432 0.122 11  0 C
2450491.64587 20.345 0.116 11  0 C
2450491.69001 20.422 0.116 11  0 C
2450491.80343 20.229 0.120 11  0 C
2450492.57824 20.270 0.122 11  0 C
2450492.65256 20.331 0.120 11  0 C
2450493.58128 20.342 0.109 11  0 F
2450493.62576 20.339 0.118 11  0 B
2450494.57600 20.757 0.172 11  0 B
2450494.61993 20.727 0.158 11  0 B
2450494.66415 20.409 0.143 11  0 C
2450494.70848 20.345 0.124 11  0 B
2450494.75346 20.447 0.134 11  0 B
2450495.57881 20.537 0.193 11  0 C
2450495.65244 20.213 0.143 11  0 C
2450495.70592 20.030 0.131 11  0 E
2450496.57418 20.526 0.146 11  0 B
2450496.61897 19.857 0.095 11  0 C
2450496.66304 20.234 0.182 11  0 D
2450496.70795 20.463 0.220 11  0 E
2450498.57326 20.429 0.132 11  0 A
2450498.61730 20.671 0.139 11  0 A
2450498.73105 20.562 0.171 11  0 B
2450498.77498 20.548 0.167 11  0 B
2450499.56821 20.939 0.236 11  0 B
2450499.61392 20.251 0.119 11  0 A
2450499.75422 20.405 0.168 11  0 D
2450500.55203 20.354 0.229 11  0 E
2450500.61092 20.058 0.145 11  0 D
2450500.65582 20.438 0.163 11  0 B
2450500.70697 20.078 0.131 11  0 C
2450500.75143 20.292 0.205 11  0 E
2450501.57512 20.142 0.115 11  0 B
2450501.69385 20.353 0.185 11  0 C
2450507.56355 20.279 0.090 11  0 C
2450507.60872 20.720 0.236 11  0 E
2450507.68054 21.581 0.664 11  0 F
2450509.55938 20.460 0.155 11  0 C
2450509.60647 20.260 0.122 11  0 B
2450509.65880 20.644 0.195 11 40 C
2450510.60104 20.663 0.171 11  0 C
2450510.64660 20.605 0.190 11  0 D
2450510.69417 20.488 0.170 11  0 D
2450511.68648 20.564 0.223 11  0 E
2450512.59316 20.632 0.140 11  0 B
2450512.71580 20.391 0.119 11  0 B
2450513.57344 20.261 0.102 11  0 B
2450513.61901 20.572 0.144 11  0 B
2450513.71072 20.458 0.120 11  0 A
2450514.58168 20.313 0.108 11  0 A
2450514.65078 20.414 0.139 11  0 B
2450514.70110 20.389 0.134 11  0 B
2450514.74799 20.693 0.167 11  0 B
2450515.57584 20.264 0.095 11  0 A
2450515.63057 20.305 0.112 11  0 A
2450515.67882 20.231 0.104 11  0 A
2450516.58214 20.410 0.174 11  0 D
2450516.63635 20.350 0.148 11  0 B
2450516.68332 20.817 0.208 11  0 B
2450516.72982 20.075 0.108 11 40 B
2450517.58014 20.524 0.164 11  0 B
2450517.62997 20.256 0.132 11  0 C
2450517.67996 20.344 0.140 11  0 C
2450517.72610 20.168 0.127 11  0 C
2450518.61748 20.749 0.191 11  0 B
2450518.66273 20.459 0.164 11  0 C
2450518.71180 20.379 0.178 11  0 C
2450519.57809 20.630 0.158 11  0 B
2450519.62473 20.953 0.238 11  0 D
2450519.70715 20.857 0.244 11  0 C
2450520.71889 21.128 0.328 11  0 D
2450521.57441 20.497 0.174 11  0 E
2450521.61952 20.296 0.144 11  0 E
2450521.68230 20.256 0.188 11  0 F
2450523.58360 21.022 0.245 11  0 D
2450523.63628 20.123 0.108 11  0 C
2450523.68617 20.222 0.136 11  0 D
2450524.57597 20.096 0.139 11  0 D
2450524.62599 20.580 0.238 11  0 E
2450526.56308 21.224 0.497 11  0 F
2450527.68823 20.538 0.211 11  0 D
2450530.57836 20.106 0.164 11  0 E
2450531.57578 20.446 0.201 11  0 D
2450532.56524 20.703 0.234 11  0 D
2450533.58247 20.155 0.140 11  0 E
2450534.61580 20.924 0.298 11  0 D
2450534.66756 20.412 0.235 11  0 E
2450535.55627 20.220 0.117 11  0 C
2450535.61657 20.816 0.241 11  0 D
2450536.53543 20.278 0.113 11  0 C
2450536.58062 20.538 0.167 11  0 D
2450536.63112 21.275 0.411 11  0 D
2450537.53000 20.766 0.182 11  0 C
2450537.63021 20.355 0.133 11  0 C
2450537.67705 20.624 0.297 11  0 F
2450538.51799 20.607 0.207 11  0 E
2450538.56974 20.825 0.211 11  0 C
2450539.52663 20.436 0.145 11  0 D
2450539.63774 20.436 0.139 11  0 B
2450539.68181 20.244 0.113 11  0 C
2450541.53702 20.801 0.174 11  0 C
2450541.59404 20.566 0.126 11  0 B
2450542.52611 20.638 0.158 11  0 B
2450542.57800 20.241 0.109 11  0 B
2450542.62546 20.580 0.154 11  0 C
2450542.66961 20.561 0.183 11  0 D
2450543.56433 20.286 0.105 11  0 B
2450543.60840 20.162 0.114 11  0 C
2450543.64545 20.126 0.107 11  0 B
2450544.51712 20.511 0.152 11  0 C
2450544.56140 20.408 0.149 11  0 C
2450544.60568 20.791 0.198 11  0 D
2450544.65089 20.162 0.118 11  0 C
2450551.50686 20.246 0.104 11  0 B
2450552.51831 20.638 0.183 11  0 B
2450553.52361 20.485 0.192 11  0 A
2450554.50037 20.677 0.251 11  0 B
2450554.58583 20.412 0.243 11  0 D
2450559.53787 20.770 0.288 11  0 B
2450561.51593 20.467 0.230 11  0 B
2450562.51748 20.325 0.212 11  0 C
2450564.51866 20.290 0.181 11  0 C
2450565.52447 20.269 0.182 11  0 B
2450566.51845 20.172 0.123 11  0 A
2450567.51950 20.261 0.126 11  0 A
2450569.51456 20.331 0.186 11  0 D
2450571.50039 20.615 0.216 11  0 A
2450572.53042 20.507 0.223 11  0 A
2450574.49224 20.281 0.163 11  0 C
2450575.49083 21.060 0.426 11  0 D
2450577.49981 20.605 0.241 11  0 B
2450578.51333 20.589 0.201 11  0 A
2450583.49826 20.474 0.185 11  0 A
2450672.88371 20.510 0.155 11  0 B
2450689.86770 20.859 0.269 11  0 C
2450699.86891 20.425 0.168 11  0 C
2450701.83450 20.507 0.256 11  0 D
2450704.87701 20.461 0.189 11  0 E
2450706.85844 20.646 0.258 11  0 D
2450714.82589 20.527 0.150 11  0 B
2450716.79048 20.438 0.159 11  0 C
2450720.84682 20.558 0.214 11  0 C
2450728.78564 20.554 0.170 11  0 A
2450729.78567 20.361 0.150 11  0 D
2450730.74122 20.910 0.259 11  0 C
2450741.83546 20.259 0.144 11  0 B
2450745.79031 20.105 0.138 11  0 B
2450747.83869 20.319 0.159 11  0 B
2450753.79257 20.815 0.282 11  0 D
2450759.82710 20.614 0.204 11  0 B
2450772.82036 20.437 0.164 11  0 B
2450775.80210 20.239 0.116 11  0 A
2450779.82075 20.375 0.154 11  0 D
2450787.79714 20.489 0.172 11  0 C
2450789.78117 20.602 0.193 11  0 B
2450790.79163 20.368 0.181 11  0 E
2450795.74927 20.289 0.135 11  0 A
2450796.82116 20.122 0.124 11  0 A
2450797.74892 20.574 0.176 11  0 A
2450798.72088 20.596 0.177 11  0 A
2450805.80578 20.224 0.202 11  0 D
2450816.77680 20.386 0.159 11  0 A
2450817.69602 20.546 0.155 11  0 A
2450819.79571 20.550 0.178 11  0 C
2450822.80991 20.366 0.126 11  0 B
2450824.83921 20.154 0.139 11  0 A
2450826.66264 20.126 0.137 11  0 A
2450829.73327 20.360 0.198 11  0 D
2450832.68948 19.971 0.109 11 40 A
2450836.78831 20.263 0.199 11  0 C
2450840.66767 20.700 0.270 11  0 D
2450843.66813 20.728 0.188 11  0 B
2450850.64171 20.491 0.195 11  0 C
2450854.67951 20.604 0.240 11  0 B
2450856.61277 20.587 0.257 11  0 C
2450858.58533 20.211 0.136 11  0 B
2450875.56067 21.369 0.406 11  0 C
2450880.54624 20.440 0.162 11  0 B
2450887.55954 20.090 0.163 11  0 C
2450892.68782 20.572 0.208 11  0 B
2450898.54080 20.231 0.117 11  0 A
2450922.60815 20.182 0.176 11  0 D
2450933.56579 20.265 0.165 11  0 C
2450952.49925 20.192 0.150 11  0 A
2451045.89384 20.916 0.307 11  0 C
2451051.87410 21.361 0.484 11  0 D
2451052.90930 20.190 0.154 11  0 C
2451053.88952 20.350 0.139 11  0 B
2451054.90522 20.332 0.155 11  0 C
2451055.87770 20.049 0.167 11  0 E
2451059.89046 21.933 0.896 11  0 D
2451061.90023 20.294 0.203 11  0 D
2451068.89830 20.611 0.174 11  0 A
2451076.86962 20.467 0.189 11  0 B
2451081.87273 20.173 0.156 11  0 D
2451087.81979 20.217 0.151 11  0 C
2451091.82231 20.273 0.205 11  0 C
2451102.80472 20.724 0.136 11  0 B
2451106.85976 20.429 0.157 11  0 B
2451107.78753 20.442 0.169 11  0 B
2451113.80031 20.835 0.229 11  0 C
2451119.80504 20.337 0.172 11  0 B
2451126.86109 19.913 0.120 11 40 B
2451131.69886 20.409 0.222 11  0 E
2451132.75086 20.356 0.144 11  0 B
2451136.78416 20.215 0.133 11  0 A
2451138.80828 20.215 0.131 11  0 A
2451142.67531 20.406 0.127 11  0 C
2451144.74422 20.231 0.120 11  0 B
2451151.77006 20.199 0.139 11  0 A
2451155.76936 20.299 0.143 11  0 A
2451158.76690 21.511 0.477 11  0 B
2451161.74482 20.512 0.145 11  0 A
2451165.76556 20.309 0.142 11  0 B
2451169.76043 21.028 0.323 11  0 C
2451174.73427 20.680 0.196 11  0 D
2451179.75108 20.108 0.153 11  0 A
2451181.82314 20.008 0.133 11  0 A
2451186.77756 20.620 0.177 11  0 B
2451187.83883 20.438 0.157 11  0 A
2451189.84764 20.247 0.142 11  0 B
2451196.71758 20.511 0.211 11  0 D
2451201.72640 20.077 0.137 11  0 D
2451203.74627 20.360 0.161 11  0 B
2451211.64093 20.511 0.196 11  0 A
2451214.64181 20.973 0.335 11  0 B
2451217.61669 20.464 0.135 11  0 A
2451220.62152 20.271 0.143 11  0 A
2451223.64775 20.598 0.198 11  0 B
2451225.58868 20.628 0.158 11  0 A
2451227.66919 20.567 0.201 11  0 E
2451231.56510 20.214 0.165 11  0 C
2451234.61334 20.750 0.258 11  0 B
2451240.57329 20.464 0.194 11  0 A
2451242.67500 20.668 0.271 11  0 B
2451244.62460 20.415 0.182 11  0 B
2451247.55517 20.427 0.209 11  0 C
2451260.56538 20.665 0.210 11  0 A
2451265.54035 20.649 0.225 11  0 A
2451277.52252 20.273 0.172 11  0 B
2451281.56629 19.889 0.143 11  0 B
2451288.52079 20.261 0.201 11 40 B
2451290.58819 20.980 0.355 11  0 A
2451296.52554 20.349 0.211 11  0 B
2451301.50519 21.684 0.755 11  0 B
2451305.55099 20.533 0.223 11  0 C
2451308.48050 20.573 0.231 11  0 B
2451316.51886 20.449 0.119 11  0 D
2451319.49513 20.099 0.144 11  0 A
2451412.85348 20.087 0.150 11  0 D
2451418.85071 20.757 0.299 11  0 C
2451430.90523 20.504 0.182 11  0 B
2451432.83905 20.625 0.279 11  0 E
2451437.79897 20.172 0.176 11  0 E
2451440.84661 20.642 0.258 11  0 D
2451451.86850 20.082 0.151 11  0 C
2451459.78597 20.398 0.227 11  0 E
2451462.79025 20.107 0.152 11  0 E
2451470.85062 20.322 0.141 11  0 A
2451475.76324 20.755 0.228 11  0 A
2451481.69228 20.207 0.176 11  0 E
2451487.72167 20.220 0.140 11  0 B
2451490.71850 20.801 0.324 11  0 D
2451492.71162 20.297 0.164 11  0 B
2451495.71012 20.189 0.132 11  0 C
2451502.66313 20.415 0.220 11  0 C
2451505.70373 20.450 0.205 11  0 A
2451507.83719 20.516 0.207 11  0 A
2451510.81316 20.718 0.230 11  0 A
2451512.70994 20.466 0.232 11  0 E
2451514.82102 20.418 0.199 11  0 D
2451517.65650 20.200 0.144 11  0 C
2451519.73013 19.923 0.098 11  0 A
2451521.66588 20.356 0.160 11  0 A
2451523.78664 20.396 0.216 11  0 C
2451525.78099 20.912 0.233 11  0 B
2451527.70995 20.566 0.165 11  0 A
2451528.75630 20.386 0.149 11  0 B
2451529.77739 20.239 0.122 11  0 A
2451531.77051 20.773 0.237 11  0 B
2451538.72704 20.825 0.257 11  0 A
2451541.68314 20.704 0.170 11  0 A
2451542.71301 20.850 0.248 11  0 A
2451544.63903 20.589 0.173 11  0 A
2451547.76597 20.376 0.137 11  0 A
2451548.74356 20.516 0.166 11  0 A
2451549.73782 20.319 0.125 11  0 A
2451552.60255 20.346 0.143 11  0 B
2451554.72904 20.445 0.129 11  0 A
2451555.73575 20.286 0.129 11  0 A
2451567.70986 20.297 0.186 11  0 C
2451570.61521 20.675 0.213 11  0 B
2451574.75714 20.396 0.139 11  0 A
2451577.70681 20.207 0.134 11  0 B
2451580.74288 20.386 0.173 11  0 A
2451583.62825 20.375 0.158 11  0 B
2451585.75013 20.586 0.204 11  0 A
2451589.63307 20.409 0.169 11  0 A
2451592.62485 20.277 0.137 11  0 A
2451595.67076 20.251 0.177 11  0 B
2451599.61239 20.354 0.148 11  0 B
2451601.68842 20.376 0.217 11  0 C
2451604.56997 20.291 0.191 11  0 D
2451606.60483 20.322 0.172 11  0 C
2451609.64619 20.500 0.199 11  0 B
2451610.63131 20.333 0.184 11  0 B
2451613.52234 20.234 0.170 11  0 C
2451615.55431 20.638 0.261 11  0 D
2451617.62566 20.251 0.143 11  0 A
2451619.60933 20.578 0.251 11  0 C
2451620.56050 20.370 0.222 11  0 C
2451624.50722 20.551 0.272 11  0 C
2451626.50805 20.253 0.178 11  0 C
2451629.50818 20.387 0.197 11  0 B
2451630.58958 20.267 0.153 11  0 B
2451632.52613 20.182 0.172 11  0 B
2451634.50385 20.216 0.158 11  0 B
2451643.49579 20.653 0.236 11  0 B
2451654.53318 20.426 0.226 11  0 B
2451656.51939 20.341 0.177 11  0 B
2451659.52687 19.976 0.159 11  0 B
2451661.55083 19.891 0.119 11 40 B
2451663.57644 20.419 0.162 11  0 A
2451670.53946 20.773 0.324 11  0 C
2451691.52775 20.368 0.214 11  0 B
2451769.87138 20.107 0.156 11  0 C
2451772.87805 20.600 0.212 11  0 B
2451775.87912 20.417 0.179 11  0 B
2451784.86374 20.306 0.206 11  0 C
2451789.85242 20.372 0.115 11  0 A
2451804.80205 20.392 0.179 11  0 D
2451808.88260 20.143 0.151 11  0 D
2451812.79714 21.230 0.324 11  0 A
2451816.80849 20.164 0.119 11  0 B
2451821.79907 20.250 0.132 11  0 B
2451823.84119 20.613 0.145 11  0 A
2451826.82427 20.440 0.229 11  0 C
2451829.79795 19.983 0.153 11  0 B
2451830.81124 20.267 0.192 11  0 B
2451834.85023 20.756 0.290 11  0 C
2451845.84767 20.548 0.142 11  0 A
2451851.84505 20.579 0.251 11  0 F
2451859.78737 20.025 0.118 11  0 A
2451861.80456 20.574 0.193 11  0 B
2451864.78202 20.452 0.162 11  0 A
2451865.76221 20.573 0.172 11  0 B
2451867.81599 20.096 0.104 11  0 A
2451868.80156 20.235 0.105 11  0 A
2451870.73487 20.755 0.180 11  0 B
2451871.81885 20.348 0.119 11  0 A
2451873.77843 20.399 0.144 11  0 A
