2450726.82249 18.920 0.048 11  0 A
2450744.76462 18.801 0.047 11  0 B
2450745.84923 18.753 0.041 11  0 A
2450746.83511 18.814 0.041 11  0 A
2450747.73056 18.813 0.047 11  0 C
2450748.68254 18.886 0.056 11  0 E
2450750.79549 18.917 0.050 11  0 B
2450751.79630 18.778 0.047 11  0 B
2450752.85413 18.848 0.045 11  0 B
2450754.80038 18.858 0.070 11  0 E
2450755.77835 18.907 0.059 11  0 D
2450759.70422 18.908 0.048 11  0 C
2450761.78543 18.791 0.051 11  0 C
2450766.83515 18.800 0.068 11  0 B
2450773.79074 18.844 0.050 11  0 A
2450776.81594 18.807 0.043 11  0 B
2450780.77631 18.826 0.042 11  0 B
2450782.80494 18.885 0.047 11  0 B
2450788.83242 18.779 0.039 11  0 A
2450792.74247 18.880 0.078 11  0 B
2450795.82782 18.796 0.042 11  0 A
2450798.75212 18.841 0.044 11  0 A
2450824.69783 18.797 0.057 11  0 A
2450827.68729 18.820 0.044 11  0 A
2450828.74693 18.822 0.048 11  0 A
2450831.58993 18.902 0.067 11  0 E
2450832.75953 18.718 0.047 11  0 A
2450833.57912 18.840 0.046 11  0 B
2450834.69840 18.781 0.044 11  0 B
2450839.66118 18.897 0.078 11  0 F
2450841.75024 18.830 0.042 11  0 A
2450842.74015 18.973 0.061 11  0 D
2450846.76703 18.857 0.046 11  0 B
2450850.75789 18.839 0.055 11  0 C
2450854.78276 18.688 0.072 11  0 C
2450856.66682 18.970 0.082 11  0 D
2450857.72549 18.759 0.057 11  0 B
2450858.68863 18.867 0.051 11  0 B
2450859.75538 18.948 0.057 11  0 A
2450860.64834 18.884 0.055 11  0 A
2450865.56566 18.912 0.079 11  0 F
2450867.62075 18.850 0.056 11  0 D
2450874.68445 18.808 0.040 11  0 B
2450876.60051 18.843 0.048 11  0 B
2450876.70299 18.788 0.038 11  0 A
2450878.69053 18.732 0.046 11  0 C
2450880.62484 18.840 0.050 11  0 B
2450887.66910 18.796 0.069 11  0 D
2450890.69271 18.845 0.072 11  0 E
2450892.53948 18.833 0.049 11  0 B
2450893.70573 18.882 0.062 11  0 C
2450896.50745 18.791 0.049 11  0 B
2450900.56093 18.832 0.056 11  0 B
2450919.56282 19.144 0.097 11  0 B
2450925.51587 18.959 0.084 11  0 D
2450934.52263 18.774 0.068 11  0 C
2450950.51580 18.825 0.053 11  0 A
2451072.89839 18.838 0.052 11  0 C
2451079.80675 18.850 0.045 11  0 C
2451080.81038 18.771 0.039 11  0 C
2451083.82091 18.677 0.051 11  0 D
2451084.81634 18.819 0.046 11  0 C
2451086.84437 18.941 0.052 11  0 B
2451090.77202 18.823 0.069 11  0 D
2451091.87982 18.836 0.056 11  0 B
2451092.82243 18.803 0.055 11  0 B
2451093.83449 18.736 0.045 11  0 A
2451106.76340 18.867 0.038 11  0 B
2451108.78441 18.870 0.046 11  0 B
2451114.79384 18.914 0.039 11  0 A
2451119.83708 18.835 0.050 11  0 A
2451120.74167 18.755 0.056 11  0 D
2451126.76149 18.763 0.053 11  0 C
2451129.82579 18.827 0.053 11  0 C
2451131.83171 18.752 0.059 11  0 D
2451132.82132 18.858 0.046 11  0 B
2451137.80352 18.878 0.044 11  0 A
2451138.84482 18.913 0.052 11  0 A
2451142.77150 18.931 0.044 11  0 A
2451154.74470 18.802 0.050 11  0 B
2451155.70095 18.655 0.046 11  0 C
2451157.75483 19.067 0.098 11  0 D
2451159.76055 18.960 0.055 11  0 B
2451161.82458 18.919 0.043 11  0 A
2451163.82648 18.772 0.044 11  0 C
2451164.84139 18.813 0.037 11  0 A
2451166.75886 19.106 0.083 11  0 D
2451167.78510 18.927 0.073 11  0 E
2451168.76774 18.889 0.068 11  0 B
2451171.73662 18.764 0.034 11  0 A
2451175.73404 18.905 0.043 11  0 B
2451179.78343 18.725 0.054 11  0 A
2451181.74695 18.853 0.058 11  0 A
2451183.83188 18.880 0.046 11  0 B
2451185.82923 18.761 0.037 11  0 A
2451187.78455 18.870 0.043 11  0 A
2451189.72101 18.874 0.042 11  0 A
2451191.75972 18.849 0.039 11  0 B
2451192.81851 18.924 0.040 11  0 A
2451194.68609 18.711 0.052 11  0 E
2451201.77460 18.850 0.054 11  0 C
2451202.78381 18.948 0.056 11  0 B
2451204.69037 18.813 0.052 11  0 B
2451206.79053 18.806 0.050 11  0 B
2451207.70077 18.766 0.055 11  0 B
2451211.75869 18.793 0.066 11  0 B
2451214.67282 18.824 0.061 11  0 B
2451215.57762 18.721 0.041 11  0 B
2451216.65403 18.868 0.044 11  0 A
2451217.73574 18.767 0.046 11  0 A
2451219.64944 18.963 0.056 11  0 B
2451220.75743 18.891 0.065 11  0 D
2451221.62328 18.812 0.056 11  0 C
2451224.59184 18.670 0.052 11  0 D
2451235.70495 18.881 0.061 11  0 B
2451240.70320 18.968 0.076 11  0 B
2451242.52114 18.935 0.060 11  0 B
2451247.51545 18.738 0.050 11  0 B
2451248.61568 18.924 0.062 11  0 C
2451251.57017 18.858 0.061 11  0 D
2451254.58469 18.857 0.059 11  0 C
2451255.61792 18.758 0.061 11  0 C
2451256.62195 18.851 0.052 11  0 B
2451258.60913 18.832 0.064 11  0 A
2451261.51493 18.815 0.044 11  0 A
2451264.52594 18.845 0.060 11  0 B
2451267.54751 18.878 0.081 11  0 C
2451272.52779 18.849 0.063 11  0 C
2451274.54559 18.813 0.070 11  0 D
2451276.55809 18.912 0.057 11  0 B
2451278.56165 18.802 0.062 11  0 B
2451279.54442 18.860 0.059 11  0 B
2451290.52575 18.934 0.075 11  0 B
2451298.50228 18.774 0.070 11  0 D
2451306.49363 18.823 0.054 11  0 B
2451315.52601 18.849 0.079 11  0 C
2451318.50856 18.763 0.064 11  0 C
2451320.50128 18.768 0.061 11  0 B
2451431.86393 18.912 0.046 11  0 B
2451433.85886 18.785 0.058 11  0 D
2451436.76966 18.790 0.047 11  0 C
2451439.85062 18.782 0.041 11  0 B
2451441.86931 18.792 0.048 11  0 C
2451443.89099 18.843 0.052 11  0 C
2451447.82200 18.971 0.084 11 40 D
2451449.86381 18.806 0.066 11  0 E
2451454.87732 18.685 0.071 11  0 E
2451459.74454 18.739 0.071 11  0 F
2451462.82215 18.822 0.062 11  0 E
2451471.81982 18.906 0.050 11  0 B
2451476.71147 18.890 0.059 11  0 B
2451478.78983 18.844 0.051 11  0 B
2451484.77800 18.832 0.048 11  0 B
2451487.84888 18.893 0.050 11  0 A
2451489.75995 18.841 0.040 11  0 A
2451491.78864 18.915 0.060 11  0 C
2451493.73067 18.851 0.052 11  0 B
2451496.62756 18.780 0.059 11  0 C
2451498.69462 18.807 0.049 11  0 B
2451500.83486 18.786 0.044 11  0 B
2451503.67017 18.951 0.084 11  0 C
2451505.77747 18.822 0.057 11  0 A
2451507.72844 18.778 0.057 11  0 B
2451508.68115 18.880 0.047 11  0 A
2451509.70643 18.759 0.046 11 40 A
2451511.69968 18.753 0.050 11  0 B
2451512.80441 18.856 0.055 11  0 B
2451514.74806 18.828 0.060 11  0 E
2451517.71318 18.860 0.040 11  0 A
2451519.66674 18.810 0.049 11 40 B
2451522.74693 18.798 0.047 11  0 B
2451523.69186 18.748 0.065 11  0 D
2451525.66835 18.806 0.060 11  0 D
2451527.78783 18.877 0.052 11  0 B
2451528.79623 18.971 0.056 11  0 C
2451529.83941 18.817 0.046 11  0 B
2451531.81757 18.872 0.047 11  0 B
2451538.77395 18.815 0.051 11  0 B
2451542.79852 18.818 0.046 11  0 A
2451544.74043 18.861 0.043 11  0 A
2451547.81302 18.783 0.040 11  0 B
2451548.82254 18.929 0.045 11  0 A
2451549.83244 18.822 0.044 11  0 A
2451552.70901 18.795 0.044 11  0 A
2451553.78403 18.740 0.041 11  0 B
2451554.79927 18.865 0.037 11  0 A
2451555.78765 18.851 0.055 11  0 C
2451561.58064 18.851 0.060 11  0 D
2451562.78542 18.824 0.061 11  0 B
2451566.63338 18.884 0.057 11  0 A
2451568.65629 18.826 0.068 11  0 D
2451571.71953 18.763 0.047 11  0 B
2451575.68234 18.929 0.057 11  0 C
2451577.74940 18.885 0.045 11  0 B
2451579.71933 18.903 0.053 11  0 B
2451581.66728 18.928 0.059 11  0 D
2451584.64340 18.803 0.047 11  0 A
2451586.65226 18.797 0.046 11  0 A
2451589.74939 18.870 0.065 11  0 B
2451592.64133 18.836 0.052 11  0 B
2451593.54348 18.648 0.060 11  0 C
2451595.61607 18.835 0.055 11  0 B
2451599.72132 18.744 0.056 11  0 C
2451600.64916 18.620 0.058 11 40 D
2451601.72731 18.855 0.066 11  0 B
2451602.70870 18.861 0.054 11  0 B
2451610.70633 18.864 0.061 11  0 C
2451615.68434 18.777 0.055 11  0 C
2451618.50577 18.809 0.059 11  0 B
2451620.52933 18.839 0.068 11  0 C
2451622.67365 18.814 0.060 11  0 A
2451624.67170 18.765 0.069 11  0 C
2451627.66787 18.818 0.049 11  0 A
2451633.49730 18.783 0.049 11  0 A
2451644.55665 18.874 0.048 11  0 A
2451650.48756 18.683 0.070 11 40 E
2451653.52365 18.886 0.069 11  0 B
2451658.51178 18.938 0.066 11  0 B
2451660.48979 18.804 0.064 11  0 C
2451662.50446 18.949 0.068 11  0 B
2451665.53979 18.735 0.067 11  0 C
2451670.49911 18.806 0.056 11  0 B
2451782.89889 18.832 0.057 11  0 C
2451783.89001 18.821 0.054 11  0 C
2451790.87689 18.778 0.038 11  0 A
2451813.81112 18.748 0.044 11  0 B
2451818.86355 18.841 0.058 11  0 C
2451823.88024 18.835 0.044 11  0 B
2451826.86312 18.799 0.045 11  0 B
2451843.79913 18.814 0.050 11  0 B
2451843.84738 18.904 0.055 11  0 C
2451844.81424 18.888 0.049 11  0 A
2451845.70525 18.776 0.043 11 40 B
2451845.86333 18.857 0.047 11  0 A
2451847.62926 18.823 0.058 11  0 B
2451847.71748 18.830 0.066 11  0 E
2451849.61805 18.760 0.058 11  0 E
2451850.71657 18.714 0.055 11  0 D
2451852.73248 18.794 0.045 11  0 B
2451855.79085 18.795 0.045 11  0 C
2451856.69751 18.783 0.066 11  0 D
2451858.59934 19.038 0.099 11  0 E
2451858.70302 18.719 0.055 11  0 C
2451858.79267 18.824 0.060 11  0 C
2451860.76453 18.863 0.067 11  0 C
2451860.83439 18.860 0.056 11  0 A
2451861.69443 18.869 0.067 11  0 D
2451862.61214 18.864 0.073 11  0 D
2451862.74663 18.801 0.050 11  0 A
2451864.60860 18.743 0.050 11  0 C
2451864.75079 18.866 0.045 11  0 B
2451864.84290 18.791 0.039 11  0 A
2451866.67654 18.893 0.046 11  0 A
2451866.78932 18.864 0.047 11  0 A
2451866.84534 18.781 0.039 11  0 A
2451868.65617 18.867 0.046 11  0 A
2451868.74739 18.835 0.038 11  0 A
2451869.78179 18.904 0.060 11  0 D
2451869.82157 18.777 0.052 11  0 D
2451870.71156 18.878 0.048 11  0 B
2451870.82187 18.890 0.063 11  0 C
2451872.69734 18.952 0.054 11  0 A
2451872.77285 18.731 0.049 11  0 C
