2450455.68819 18.619 0.020 11  0 A
2450455.71583 18.607 0.020 11  0 A
2450455.76038 18.588 0.022 11  0 B
2450456.58349 18.591 0.021 11  0 A
2450456.62072 18.658 0.022 11  0 A
2450456.70394 18.533 0.023 11  0 B
2450456.75141 18.603 0.022 11  0 A
2450456.80284 18.569 0.025 11  0 B
2450457.55117 18.672 0.028 11  0 C
2450457.59511 18.600 0.024 11  0 A
2450457.65378 18.549 0.023 11  0 A
2450457.71233 18.612 0.021 11  0 A
2450457.77101 18.572 0.020 11  0 A
2450458.62750 18.658 0.025 11  0 B
2450458.68622 18.622 0.030 11  0 D
2450458.75542 18.686 0.030 11  0 D
2450459.54476 18.678 0.036 11  0 D
2450459.59097 18.626 0.030 11  0 B
2450459.64951 18.546 0.024 11  0 A
2450459.70898 18.529 0.020 11  0 A
2450459.75275 18.608 0.024 11  0 B
2450459.79660 18.654 0.024 11  0 A
2450461.55569 18.680 0.028 11  0 C
2450461.59951 18.584 0.026 11  0 B
2450461.65811 18.601 0.023 11  0 A
2450461.72429 18.648 0.020 11  0 A
2450461.78628 18.643 0.025 11  0 B
2450462.55620 18.614 0.025 11  0 B
2450462.61484 18.618 0.022 11  0 A
2450462.66082 18.585 0.020 11  0 A
2450465.65967 18.646 0.030 11  0 B
2450465.70734 18.631 0.029 11  0 C
2450465.79220 18.591 0.023 11  0 A
2450466.64343 18.619 0.024 11  0 B
2450466.70994 18.630 0.024 11  0 B
2450466.79491 18.724 0.029 11 40 C
2450467.64707 18.653 0.025 11  0 A
2450467.75168 18.599 0.026 11  0 A
2450467.81761 18.639 0.027 11  0 A
2450468.65376 18.590 0.034 11  0 D
2450468.72393 18.595 0.023 11  0 A
2450468.78254 18.652 0.023 11  0 A
2450469.65463 18.597 0.028 11  0 B
2450469.79165 18.546 0.027 11  0 B
2450471.77724 18.667 0.034 11 40 B
2450472.61504 18.600 0.029 11  0 B
2450472.65892 18.573 0.025 11  0 A
2450472.70269 18.642 0.031 11  0 B
2450472.76865 18.624 0.031 11  0 A
2450472.84201 18.581 0.039 11  0 B
2450474.69463 18.672 0.028 11  0 B
2450474.76108 18.636 0.038 11  0 D
2450475.52902 18.567 0.030 11  0 C
2450475.58780 18.698 0.030 11  0 B
2450475.75317 18.501 0.036 11  0 D
2450476.73411 18.663 0.029 11  0 C
2450477.52576 18.847 0.049 11  0 B
2450477.57133 18.659 0.025 11  0 A
2450477.72450 18.607 0.025 11  0 B
2450477.80538 18.593 0.028 11  0 A
2450477.84963 18.566 0.032 11  0 B
2450478.75231 18.651 0.023 11  0 A
2450478.81125 18.558 0.022 11  0 A
2450479.57465 18.621 0.022 11  0 A
2450479.76669 18.627 0.027 11  0 B
2450479.81227 18.602 0.032 11  0 B
2450481.55197 18.602 0.025 11  0 B
2450481.70037 18.726 0.026 11  0 B
2450481.74434 18.596 0.026 11  0 B
2450481.78830 18.561 0.027 11  0 B
2450482.70118 18.600 0.024 11  0 B
2450483.56748 18.572 0.031 11  0 D
2450483.61190 18.629 0.028 11  0 C
2450483.65581 18.605 0.037 11  0 C
2450484.71920 18.581 0.032 11  0 B
2450484.76322 18.650 0.026 11  0 B
2450486.56627 18.730 0.041 11  0 B
2450486.70840 18.573 0.026 11  0 C
2450486.75356 18.613 0.029 11  0 B
2450510.57925 18.555 0.032 11  0 D
2450524.55391 18.562 0.032 11  0 C
2450524.60403 18.596 0.031 11  0 C
2450530.55657 18.510 0.032 11  0 C
2450531.55396 18.758 0.040 11  0 C
2450532.54345 18.702 0.043 11  0 E
2450533.56070 18.761 0.046 11  0 E
2450534.54986 18.553 0.030 11  0 D
2450534.59405 18.610 0.036 11  0 D
2450535.53451 18.562 0.024 11  0 C
2450535.59479 18.608 0.031 11  0 D
2450535.66851 18.641 0.032 11  0 D
2450551.48507 18.624 0.024 11  0 B
2450552.49338 18.660 0.028 11  0 B
2450553.50175 18.591 0.034 11  0 A
2450554.47856 18.635 0.038 11  0 B
2450555.48489 18.529 0.037 11  0 B
2450559.51605 18.660 0.041 11  0 C
2450560.49413 18.564 0.048 11  0 C
2450561.49416 18.611 0.041 11  0 B
2450565.50266 18.609 0.035 11  0 B
2450566.49665 18.662 0.036 11  0 B
2450567.49774 18.607 0.031 11  0 A
2450568.48296 18.626 0.048 11  0 E
2450569.49280 18.644 0.041 11  0 C
2450571.47862 18.623 0.041 11  0 B
2450572.50712 18.506 0.040 11  0 B
2450573.51096 18.672 0.041 11  0 C
2450574.46938 18.569 0.038 11  0 C
2450576.48307 18.513 0.041 11  0 C
2450577.47697 18.604 0.048 11  0 C
2450578.48999 18.538 0.031 11  0 A
2450583.47545 18.528 0.033 11  0 A
2450665.80075 18.526 0.030 11  0 B
2450672.86079 18.551 0.030 11 40 C
2450699.89463 18.600 0.033 11  0 B
2450701.81156 18.620 0.044 11  0 C
2450704.85404 18.606 0.038 11  0 C
2450714.80291 18.612 0.035 11  0 C
2450715.87567 18.619 0.035 11  0 B
2450716.76749 18.563 0.031 11  0 C
2450720.82387 18.588 0.039 11  0 E
2450728.76274 18.610 0.031 11  0 B
2450729.76271 18.589 0.038 11  0 D
2450730.71830 18.614 0.040 11  0 C
2450741.81253 18.551 0.037 11  0 B
2450745.76734 18.623 0.033 11  0 C
2450747.81580 18.573 0.033 11  0 B
2450753.76371 18.631 0.034 11  0 C
2450759.80419 18.613 0.042 11  0 C
2450766.77834 18.602 0.045 11  0 B
2450772.79743 18.608 0.033 11  0 B
2450775.77915 18.668 0.029 11  0 A
2450787.77425 18.556 0.029 11  0 A
2450790.76874 18.720 0.040 11  0 D
2450826.63981 18.629 0.034 11  0 A
2450860.74298 18.567 0.044 11  0 E
2450875.53783 18.635 0.031 11  0 C
2450879.62433 18.533 0.036 11  0 D
2450880.52343 18.651 0.038 11  0 B
2450887.53671 18.625 0.042 11  0 C
2450892.62026 18.675 0.038 11  0 A
2450895.51114 19.395 0.079 11  0 C
2450898.51796 18.613 0.027 11  0 A
2450922.58533 18.486 0.033 11  0 C
2450928.51125 18.631 0.044 11  0 C
2450931.53320 18.629 0.045 11  0 D
2450933.54299 18.596 0.034 11  0 B
2450940.52424 18.612 0.038 11  0 A
2450951.53258 18.606 0.029 11  0 B
2451045.86461 18.523 0.037 11  0 D
2451051.85117 18.741 0.046 11  0 E
2451052.88640 18.562 0.035 11  0 D
2451053.86656 18.697 0.035 11  0 C
2451054.88228 18.535 0.029 11  0 C
2451055.85478 18.764 0.051 11  0 E
2451059.86752 18.639 0.050 11  0 E
2451068.86164 18.553 0.038 11  0 C
2451069.87232 18.653 0.034 11  0 C
2451071.88938 18.598 0.033 11  0 D
2451081.84981 18.694 0.031 11  0 B
2451087.79687 18.581 0.034 11  0 D
2451091.79932 18.676 0.044 11  0 D
2451095.78108 18.621 0.046 11  0 F
2451102.78178 18.625 0.023 11  0 A
2451106.83684 18.602 0.027 11  0 A
2451107.76461 18.505 0.029 11  0 C
2451112.86456 18.607 0.029 11  0 A
2451119.78212 18.626 0.036 11  0 B
2451126.80402 18.550 0.032 11  0 B
2451131.67162 18.801 0.048 11  0 E
2451132.72795 18.650 0.036 11  0 B
2451136.76121 18.595 0.032 11  0 A
2451138.78534 18.651 0.031 11  0 A
2451142.65240 18.559 0.030 11  0 B
2451144.72133 18.588 0.029 11 40 A
2451151.74718 18.555 0.034 11  0 B
2451155.74643 18.578 0.033 11  0 B
2451158.74399 18.592 0.028 11  0 A
2451161.72194 18.562 0.025 11  0 B
2451165.74265 18.550 0.031 11  0 B
2451169.73757 18.604 0.031 11  0 C
2451174.71136 18.612 0.029 11  0 B
2451179.72822 18.537 0.036 11  0 A
2451181.80024 18.669 0.037 11  0 A
2451186.75469 18.595 0.030 11  0 A
2451187.81594 18.633 0.028 11  0 A
2451188.74397 18.558 0.024 11  0 A
2451196.69469 18.670 0.043 11  0 D
2451201.70361 18.601 0.038 11  0 E
2451203.72174 18.573 0.030 11  0 A
2451211.61810 18.566 0.032 11  0 A
2451220.59866 18.593 0.031 11  0 A
2451223.62489 18.618 0.034 11  0 C
2451247.53233 18.572 0.038 11  0 C
2451256.51709 18.608 0.048 11  0 D
2451260.53965 18.594 0.032 11  0 A
2451265.51753 18.619 0.039 11  0 B
2451277.49970 18.672 0.044 11  0 B
2451288.49796 18.570 0.042 11  0 B
2451296.50273 18.585 0.038 11  0 A
2451301.48233 18.780 0.051 11 40 B
2451305.52817 18.535 0.041 11  0 D
2451308.45768 18.530 0.043 11 40 B
2451313.50416 18.546 0.044 11  0 C
2451316.49605 18.557 0.021 11  0 A
2451319.47227 18.702 0.042 11  0 B
2451412.83057 18.637 0.049 11  0 F
2451418.82776 18.633 0.045 11  0 D
2451430.88224 18.700 0.035 11  0 B
2451432.81608 18.597 0.033 11  0 C
2451435.79213 18.695 0.047 11  0 D
2451437.77603 18.582 0.039 11  0 D
2451440.82370 18.622 0.036 11  0 B
2451447.86127 18.583 0.045 11  0 D
2451451.75639 18.515 0.039 11  0 C
2451458.84735 18.613 0.043 11  0 C
2451459.76304 18.705 0.051 11  0 E
2451470.82768 18.584 0.030 11  0 B
2451475.74028 18.622 0.035 11  0 A
2451478.69569 18.633 0.050 11  0 E
2451478.83054 18.583 0.035 11  0 B
2451481.66935 18.684 0.040 11  0 D
2451487.69872 18.551 0.033 11  0 B
2451490.69555 18.578 0.039 11  0 D
2451492.68864 18.561 0.040 11  0 D
2451495.68717 18.557 0.036 11  0 C
2451497.81334 18.688 0.043 11  0 B
2451499.64499 18.608 0.042 11  0 D
2451502.64019 18.514 0.044 11  0 E
2451505.68079 18.541 0.038 11  0 A
2451507.81428 18.643 0.042 11  0 B
2451510.79029 18.625 0.033 11  0 A
2451512.68699 18.655 0.045 11  0 D
2451514.79809 18.557 0.034 11  0 C
2451517.63357 18.586 0.043 11  0 D
2451519.70725 18.567 0.034 11  0 A
2451521.64299 18.561 0.033 11  0 B
2451523.76371 18.621 0.041 11  0 C
2451525.75808 18.612 0.029 11  0 A
2451527.68703 18.601 0.037 11  0 B
2451528.73337 18.668 0.030 11  0 A
2451529.75453 18.561 0.029 11  0 C
2451538.70420 18.643 0.033 11  0 A
2451541.66028 18.571 0.024 11  0 A
2451542.69014 18.631 0.039 11  0 B
2451547.74305 18.625 0.025 11  0 A
2451548.72066 18.568 0.027 11  0 A
2451549.71494 18.615 0.026 11  0 A
2451552.57967 18.532 0.031 11  0 B
2451554.70612 18.655 0.032 11  0 B
2451555.71290 18.579 0.033 11  0 B
2451562.71582 18.563 0.038 11  0 C
2451564.59442 18.552 0.038 11  0 A
2451567.68703 18.638 0.040 11  0 B
2451570.59238 18.642 0.038 11  0 C
2451577.73179 18.586 0.034 11  0 B
2451583.65119 18.607 0.032 11  0 A
2451585.73781 18.561 0.028 11  0 A
2451588.74550 18.535 0.043 11  0 D
2451593.56449 18.604 0.041 11  0 A
2451599.63535 18.595 0.028 11  0 A
2451604.59290 18.557 0.036 11  0 C
2451606.62786 18.746 0.046 11  0 C
2451613.54533 18.657 0.042 11  0 D
2451615.57728 18.566 0.032 11  0 B
2451620.58344 18.576 0.044 11  0 C
2451622.53362 18.579 0.044 11  0 B
2451624.53019 18.526 0.037 11  0 B
2451626.53101 18.537 0.035 11  0 C
2451629.53112 18.558 0.035 11  0 B
2451632.54908 18.630 0.038 11  0 B
2451634.52682 18.545 0.035 11  0 B
2451643.51883 18.679 0.040 11  0 B
2451664.53545 18.604 0.036 11  0 A
2451691.51250 18.511 0.037 11  0 A
2451769.89423 18.580 0.047 11  0 E
2451772.90087 18.626 0.039 11  0 C
2451775.90198 18.568 0.036 11  0 A
2451784.88655 18.606 0.039 11  0 B
2451789.87525 18.657 0.029 11  0 B
2451804.82484 18.605 0.035 11  0 B
2451809.84922 18.634 0.031 11  0 B
2451812.81999 18.560 0.032 11  0 A
2451821.82189 18.536 0.031 11  0 C
2451823.86402 18.645 0.032 11  0 A
2451826.84710 18.682 0.036 11  0 B
2451830.83415 18.564 0.038 11  0 A
2451834.87308 18.550 0.037 11  0 C
2451859.81025 18.614 0.037 11  0 B
2451861.82742 18.523 0.036 11 40 B
2451864.80486 18.575 0.030 11  0 A
2451865.78503 18.580 0.032 11  0 B
2451866.85380 18.578 0.032 11  0 A
2451868.82447 18.594 0.028 11  0 A
2451870.75775 18.593 0.029 11  0 A
2451871.84170 18.551 0.028 11  0 A
2451873.80127 18.591 0.030 11  0 A
