2450455.68819 19.511 0.039 11  0 A
2450455.71583 19.518 0.041 11  0 A
2450455.76038 19.463 0.045 11  0 B
2450456.58349 19.621 0.047 11  0 A
2450456.62072 19.460 0.040 11  0 A
2450456.70394 19.512 0.050 11  0 B
2450456.75141 19.477 0.044 11  0 A
2450456.80284 19.631 0.058 11  0 B
2450457.55117 19.494 0.053 11  0 C
2450457.59511 19.579 0.052 11  0 A
2450457.65378 19.456 0.048 11  0 A
2450457.71233 19.484 0.042 11  0 A
2450457.77101 19.489 0.041 11  0 A
2450458.62750 19.348 0.042 11  0 B
2450458.68622 19.592 0.066 11  0 D
2450458.75542 19.466 0.053 11  0 D
2450459.54476 19.260 0.056 11 40 D
2450459.59097 19.545 0.062 11  0 B
2450459.64951 19.391 0.045 11  0 A
2450459.70898 19.472 0.042 11  0 A
2450459.75275 19.512 0.048 11  0 B
2450459.79660 19.516 0.046 11  0 A
2450461.55569 19.568 0.056 11  0 C
2450461.59951 19.427 0.049 11  0 B
2450461.65811 19.554 0.049 11  0 A
2450461.72429 19.485 0.037 11  0 A
2450461.78628 19.468 0.048 11  0 B
2450462.55620 19.439 0.046 11  0 B
2450462.61484 19.461 0.042 11  0 A
2450462.66082 19.494 0.041 11  0 A
2450465.65967 19.529 0.060 11  0 B
2450465.70734 19.581 0.063 11  0 C
2450465.79220 19.454 0.047 11  0 A
2450466.64343 19.587 0.052 11  0 B
2450466.70994 19.596 0.051 11  0 B
2450466.79491 19.624 0.059 11  0 C
2450467.64707 19.445 0.046 11  0 A
2450467.75168 19.531 0.055 11  0 A
2450467.81761 19.521 0.054 11  0 A
2450468.65376 19.452 0.068 11  0 D
2450468.72393 19.461 0.045 11  0 A
2450468.78254 19.491 0.045 11  0 A
2450469.65463 19.468 0.057 11  0 B
2450469.73144 19.477 0.059 11  0 B
2450469.79165 19.529 0.064 11  0 B
2450470.72942 19.519 0.073 11  0 C
2450471.64048 19.579 0.062 11  0 A
2450471.77724 19.490 0.069 11  0 B
2450472.61504 19.566 0.065 11  0 B
2450472.65892 19.486 0.052 11  0 A
2450472.70269 19.410 0.058 11  0 B
2450472.76865 19.467 0.062 11  0 A
2450472.84201 19.746 0.106 11  0 B
2450473.68272 19.299 0.079 11  0 D
2450474.69463 19.438 0.051 11  0 B
2450474.76108 19.525 0.079 11  0 D
2450475.52902 19.475 0.063 11  0 C
2450475.58780 19.512 0.058 11  0 B
2450475.65395 19.579 0.067 11  0 C
2450475.70608 19.501 0.065 11  0 C
2450475.75317 19.744 0.106 11  0 D
2450476.73411 19.443 0.055 11  0 C
2450477.52576 19.284 0.065 11  0 B
2450477.57133 19.446 0.047 11  0 A
2450477.72450 19.631 0.056 11  0 B
2450477.80538 19.511 0.059 11  0 A
2450477.84963 19.519 0.070 11  0 B
2450478.53190 19.644 0.066 11  0 B
2450478.75231 19.439 0.042 11  0 A
2450478.81125 19.705 0.056 11  0 A
2450479.53073 19.556 0.064 11  0 C
2450479.57465 19.511 0.044 11  0 A
2450479.76669 19.592 0.060 11  0 B
2450479.81227 19.400 0.061 11  0 B
2450480.56677 19.604 0.063 11  0 C
2450480.64794 19.493 0.045 11  0 B
2450480.74154 19.536 0.052 11  0 B
2450480.78562 19.636 0.062 11  0 C
2450481.55197 19.528 0.052 11  0 B
2450481.70037 19.554 0.049 11  0 B
2450481.74434 19.567 0.055 11  0 B
2450481.78830 19.505 0.058 11  0 B
2450482.70118 19.421 0.046 11  0 B
2450482.77913 19.873 0.078 11  0 C
2450483.56748 19.576 0.070 11  0 D
2450483.61190 19.433 0.051 11  0 C
2450483.65581 19.544 0.054 11  0 C
2450483.69979 19.745 0.062 11  0 C
2450483.74368 19.464 0.049 11  0 B
2450483.78761 19.463 0.055 11  0 C
2450484.56615 19.844 0.080 11 40 B
2450484.67483 19.474 0.052 11  0 B
2450484.71920 19.471 0.046 11  0 B
2450484.76322 19.506 0.052 11  0 B
2450485.56981 19.529 0.047 11  0 B
2450485.71671 19.661 0.056 11  0 B
2450485.76086 19.393 0.046 11  0 B
2450486.56627 19.468 0.051 11  0 B
2450486.61186 19.564 0.048 11  0 B
2450486.70840 19.334 0.047 11  0 C
2450486.75356 19.795 0.074 11  0 B
2450487.59323 19.503 0.041 11  0 B
2450487.64147 19.546 0.048 11  0 B
2450487.68931 19.561 0.049 11  0 B
2450487.73346 19.512 0.044 11  0 B
2450487.77762 19.483 0.047 11  0 B
2450488.57876 19.490 0.049 11  0 B
2450488.62273 19.602 0.053 11  0 B
2450488.69158 19.564 0.049 11  0 A
2450488.73560 19.527 0.051 11  0 B
2450488.77966 19.668 0.076 11  0 C
2450489.55452 19.418 0.042 11  0 B
2450489.61104 19.455 0.040 11  0 A
2450489.64348 19.549 0.042 11  0 A
2450489.68741 19.685 0.055 11  0 B
2450489.73133 19.490 0.046 11  0 A
2450489.77536 19.515 0.052 11  0 B
2450490.54777 19.527 0.040 11  0 B
2450490.68496 19.546 0.049 11  0 B
2450490.72905 19.444 0.046 11  0 A
2450490.77301 19.652 0.055 11  0 A
2450491.57227 19.552 0.049 11  0 D
2450491.62408 19.509 0.045 11  0 C
2450491.66820 19.545 0.054 11  0 B
2450491.78157 19.478 0.060 11  0 C
2450492.55643 19.634 0.067 11  0 C
2450492.60033 19.637 0.081 11  0 F
2450492.63078 19.416 0.051 11  0 C
2450492.67665 19.595 0.061 11  0 D
2450493.55946 19.640 0.055 11  0 B
2450493.60398 19.537 0.055 11  0 B
2450494.55419 19.525 0.053 11  0 D
2450494.59812 19.520 0.050 11  0 B
2450494.64235 19.571 0.057 11  0 B
2450494.68665 19.435 0.044 11  0 B
2450494.73167 19.401 0.049 11  0 B
2450495.55699 19.617 0.070 11  0 C
2450495.63063 19.535 0.067 11  0 D
2450495.68411 19.470 0.061 11  0 C
2450496.55240 19.698 0.063 11  0 B
2450496.59715 19.526 0.065 11  0 C
2450496.64122 19.447 0.061 11  0 C
2450496.68613 19.532 0.077 11  0 D
2450497.58012 19.571 0.055 11  0 A
2450498.55146 19.430 0.049 11  0 B
2450498.59550 19.527 0.055 11  0 B
2450498.70925 19.633 0.065 11  0 A
2450498.75318 19.629 0.069 11  0 B
2450499.54641 19.627 0.061 11  0 B
2450499.59212 19.515 0.051 11  0 C
2450499.73240 19.415 0.064 11  0 C
2450500.57394 19.465 0.067 11  0 C
2450500.58915 19.318 0.057 11 40 D
2450500.63401 19.299 0.068 11  0 D
2450500.68518 19.587 0.077 11  0 C
2450501.55328 19.491 0.064 11  0 B
2450501.67206 19.773 0.100 11  0 B
2450507.54172 19.462 0.052 11  0 B
2450507.58693 19.466 0.046 11  0 B
2450507.65876 19.783 0.115 11  0 F
2450509.53764 19.419 0.052 11  0 C
2450509.58469 19.427 0.055 11  0 B
2450509.63701 19.478 0.063 11  0 C
2450510.57925 19.572 0.073 11  0 D
2450510.62480 19.416 0.057 11  0 C
2450510.67241 19.506 0.068 11  0 C
2450512.57131 19.476 0.056 11  0 C
2450512.61969 19.187 0.065 11  0 E
2450513.55167 19.622 0.074 11  0 E
2450513.59721 19.307 0.046 11  0 B
2450514.55989 19.537 0.053 11  0 B
2450514.62896 19.487 0.045 11  0 A
2450515.55402 19.508 0.052 11  0 A
2450515.60693 19.495 0.041 11  0 A
2450515.65703 19.442 0.048 11  0 A
2450516.56033 19.528 0.062 11  0 B
2450516.61452 19.502 0.062 11  0 B
2450523.66381 19.283 0.046 11  0 B
2450524.55391 19.582 0.076 11  0 C
2450524.60403 19.557 0.070 11  0 C
2450526.54126 19.398 0.072 11  0 E
2450530.55657 19.479 0.072 11  0 C
2450531.55396 19.436 0.070 11  0 C
2450532.54345 19.636 0.091 11  0 E
2450533.56070 19.697 0.099 11  0 E
2450534.54986 19.797 0.086 11  0 D
2450534.59405 19.502 0.076 11  0 D
2450534.64580 19.632 0.122 11  0 E
2450535.53451 19.486 0.049 11  0 C
2450535.59479 19.550 0.069 11  0 D
2450535.66851 19.465 0.064 11  0 D
2450536.51359 19.631 0.063 11  0 E
2450536.55882 19.495 0.058 11  0 D
2450537.50823 19.572 0.064 11  0 D
2450538.49623 19.367 0.057 11  0 D
2450538.54795 19.656 0.103 11  0 D
2450539.50484 19.727 0.070 11  0 C
2450540.53505 19.533 0.088 11  0 F
2450541.51520 19.546 0.055 11  0 C
2450542.49496 19.673 0.068 11  0 C
2450542.50428 19.650 0.063 11  0 C
2450542.55621 19.405 0.073 11  0 C
2450543.54254 19.449 0.051 11  0 B
2450544.49537 19.573 0.060 11  0 C
2450544.53962 19.473 0.056 11  0 D
2450551.48507 19.526 0.050 11  0 B
2450552.49338 19.724 0.067 11  0 B
2450553.50175 19.420 0.067 11  0 A
2450553.61254 19.619 0.090 11  0 B
2450554.47856 19.431 0.073 11  0 B
2450554.56400 19.498 0.090 11  0 C
2450555.48489 19.509 0.086 11  0 B
2450559.51605 19.626 0.093 11  0 C
2450561.49416 19.573 0.093 11  0 B
2450565.50266 19.424 0.068 11  0 B
2450566.49665 19.471 0.070 11  0 B
2450567.49774 19.408 0.059 11  0 A
2450568.48296 19.431 0.089 11  0 E
2450569.49280 19.507 0.082 11  0 C
2450571.47862 19.507 0.084 11  0 B
2450572.50712 19.554 0.093 11  0 B
2450573.51096 19.577 0.087 11  0 C
2450574.46938 19.470 0.077 11  0 C
2450575.46802 19.615 0.094 11  0 C
2450576.48307 19.580 0.102 11  0 C
2450577.47697 19.668 0.114 11  0 C
2450578.48999 19.596 0.074 11  0 A
2450583.47545 19.651 0.083 11  0 A
2450665.80075 19.667 0.082 11  0 B
2450672.86079 19.463 0.060 11  0 C
2450689.89125 19.468 0.067 11  0 B
2450699.89463 19.500 0.066 11  0 B
2450701.81156 19.530 0.091 11  0 C
2450704.85404 19.493 0.074 11  0 C
2450714.80291 19.665 0.080 11  0 C
2450715.87567 19.491 0.070 11  0 B
2450716.76749 19.455 0.062 11  0 C
2450720.82387 18.999 0.055 11  0 E
2450728.76274 19.507 0.063 11  0 B
2450729.76271 19.520 0.078 11  0 D
2450730.71830 19.326 0.066 11  0 C
2450741.81253 19.289 0.067 11  0 B
2450745.76734 19.593 0.072 11  0 C
2450747.81580 19.629 0.079 11  0 B
2450753.76371 19.342 0.060 11  0 C
2450759.80419 19.473 0.072 11  0 C
2450766.77834 19.466 0.094 11  0 B
2450772.79743 19.638 0.075 11  0 B
2450775.77915 19.503 0.054 11  0 A
2450779.79782 19.525 0.067 11  0 B
2450781.81468 19.475 0.067 11  0 B
2450787.77425 19.471 0.061 11  0 A
2450789.75820 19.642 0.082 11  0 B
2450790.76874 19.489 0.073 11  0 D
2450795.72635 19.573 0.068 11  0 A
2450797.72601 19.490 0.061 11  0 A
2450798.69799 19.375 0.053 11  0 A
2450805.78289 19.321 0.074 11  0 C
2450816.75392 19.204 0.052 11 40 A
2450817.67314 19.558 0.062 11  0 A
2450819.77286 19.418 0.066 11  0 A
2450822.78703 19.549 0.061 11  0 A
2450824.81632 19.464 0.068 11  0 A
2450826.63981 19.528 0.071 11  0 A
2450829.71043 19.489 0.065 11  0 C
2450832.66660 19.422 0.064 11  0 A
2450836.76542 19.593 0.084 11  0 A
2450840.64481 19.561 0.086 11  0 C
2450843.64532 19.641 0.065 11  0 A
2450854.64962 19.651 0.122 11  0 E
2450856.58990 19.565 0.087 11  0 C
2450858.56251 19.476 0.069 11  0 B
2450860.74298 19.458 0.094 11  0 E
2450875.53783 19.607 0.068 11  0 C
2450879.62433 19.391 0.073 11  0 D
2450880.52343 19.588 0.081 11  0 B
2450887.53671 19.762 0.112 11  0 C
2450892.62026 19.462 0.071 11  0 A
2450895.51114 22.286 1.127 11  0 C
2450898.51796 19.561 0.059 11  0 A
2450918.50504 19.526 0.109 11  0 E
2450922.58533 19.365 0.067 11  0 C
2450928.51125 19.625 0.102 11  0 C
2450931.53320 19.433 0.089 11  0 D
2450933.54299 19.606 0.080 11  0 B
2450940.52424 19.673 0.093 11  0 A
2450951.53258 19.448 0.058 11  0 B
2451045.86461 19.658 0.098 11  0 D
2451051.85117 19.333 0.074 11  0 E
2451052.88640 19.441 0.072 11  0 D
2451053.86656 19.439 0.063 11  0 C
2451054.88228 19.722 0.077 11  0 C
2451055.85478 19.507 0.094 11  0 E
2451059.86752 19.257 0.081 11 40 E
2451068.86164 19.723 0.101 11  0 C
2451069.87232 19.561 0.071 11  0 C
2451071.88938 19.594 0.073 11  0 D
2451081.84981 19.588 0.063 11  0 B
2451087.79687 19.249 0.058 11 40 D
2451091.79932 20.000 0.142 11  0 D
2451095.78108 19.434 0.091 11  0 F
2451102.78178 19.528 0.045 11  0 A
2451106.83684 19.591 0.058 11  0 A
2451107.76461 19.468 0.065 11  0 C
2451112.86456 19.478 0.059 11  0 A
2451119.78212 19.533 0.077 11  0 B
2451126.80402 19.643 0.078 11  0 B
2451131.67162 19.492 0.082 11  0 E
2451132.72795 19.420 0.067 11  0 B
2451136.76121 19.465 0.065 11  0 A
2451138.78534 19.648 0.073 11  0 A
2451142.65240 19.567 0.068 11  0 B
2451144.72133 19.684 0.070 11  0 A
2451151.74718 19.475 0.073 11  0 B
2451155.74643 19.412 0.065 11  0 B
2451158.74399 19.389 0.054 11  0 A
2451161.72194 19.467 0.050 11  0 B
2451165.74265 19.517 0.067 11  0 B
2451169.73757 19.549 0.067 11  0 C
2451174.71136 19.395 0.054 11  0 B
2451179.72822 19.495 0.081 11  0 A
2451181.80024 19.507 0.076 11  0 A
2451186.75469 19.335 0.054 11  0 A
2451187.81594 19.586 0.060 11  0 A
2451188.74397 19.621 0.056 11  0 A
2451196.69469 19.417 0.077 11  0 D
2451201.70361 19.444 0.070 11  0 E
2451203.72174 19.440 0.058 11  0 A
2451207.58038 19.405 0.082 11  0 C
2451211.61810 19.498 0.067 11  0 A
2451214.61896 19.582 0.085 11  0 B
2451217.59383 19.524 0.059 11  0 A
2451220.59866 19.603 0.069 11  0 A
2451223.62489 19.482 0.066 11  0 C
2451225.56582 19.407 0.056 11  0 B
2451227.64638 19.528 0.072 11  0 C
2451231.54228 19.608 0.080 11  0 B
2451234.59048 19.695 0.093 11  0 C
2451236.59800 19.719 0.105 11  0 D
2451240.54847 19.570 0.077 11  0 A
2451242.65022 19.652 0.097 11  0 B
2451244.59960 19.585 0.084 11  0 C
2451247.53233 19.583 0.085 11  0 C
2451252.64824 19.527 0.107 11  0 E
2451256.51709 19.364 0.087 11  0 D
2451260.53965 19.450 0.065 11  0 A
2451265.51753 19.487 0.078 11  0 B
2451273.56344 19.487 0.103 11  0 D
2451277.49970 19.459 0.082 11  0 B
2451288.49796 19.328 0.077 11  0 B
2451290.56537 19.554 0.090 11  0 B
2451296.50273 19.411 0.077 11  0 A
2451298.54066 19.508 0.082 11  0 A
2451301.48233 19.610 0.103 11  0 B
2451305.52817 19.813 0.122 11  0 D
2451308.45768 19.686 0.115 11  0 B
2451313.50416 19.637 0.111 11  0 C
2451316.49605 19.909 0.067 11  0 A
2451319.47227 19.471 0.078 11  0 B
2451412.83057 19.527 0.099 11  0 F
2451418.82776 19.436 0.086 11  0 D
2451430.88224 19.462 0.061 11  0 B
2451432.81608 19.444 0.064 11  0 C
2451435.79213 19.319 0.075 11  0 D
2451437.77603 19.648 0.092 11  0 D
2451440.82370 19.651 0.082 11  0 B
2451447.86127 19.536 0.100 11  0 D
2451451.75639 19.390 0.079 11  0 C
2451458.84735 19.648 0.097 11  0 C
2451459.76304 19.528 0.100 11  0 E
2451462.76729 19.539 0.109 11  0 F
2451470.82768 19.652 0.070 11 40 B
2451475.74028 19.665 0.083 11  0 A
2451478.69569 19.328 0.088 11  0 E
2451478.83054 19.575 0.079 11  0 B
2451481.66935 19.344 0.067 11  0 D
2451487.69872 19.431 0.067 11  0 B
2451490.69555 19.500 0.082 11  0 D
2451492.68864 19.541 0.091 11  0 D
2451495.68717 19.493 0.077 11  0 C
2451497.81334 19.573 0.087 11  0 B
2451499.64499 19.474 0.087 11  0 D
2451502.64019 19.694 0.121 11  0 E
2451505.68079 19.495 0.086 11 40 A
2451507.81428 19.650 0.098 11  0 B
2451510.79029 19.539 0.068 11  0 A
2451512.68699 19.543 0.093 11  0 D
2451514.79809 19.650 0.081 11  0 C
2451517.63357 19.653 0.104 11  0 D
2451519.70725 19.567 0.077 11  0 A
2451521.64299 19.530 0.072 11  0 B
2451523.76371 19.529 0.089 11  0 C
2451525.75808 19.563 0.060 11  0 A
2451527.68703 19.638 0.084 11  0 B
2451528.73337 19.454 0.056 11  0 A
2451529.75453 19.580 0.063 11  0 C
2451531.74760 19.500 0.068 11  0 B
2451538.70420 19.538 0.069 11  0 A
2451541.66028 19.578 0.051 11  0 A
2451542.69014 19.456 0.077 11  0 B
2451544.61615 19.611 0.075 11  0 B
2451547.74305 19.511 0.049 11  0 A
2451548.72066 19.743 0.070 11  0 A
2451549.71494 19.471 0.049 11  0 A
2451552.57967 19.541 0.069 11  0 B
2451554.70612 19.516 0.064 11  0 B
2451555.71290 19.581 0.074 11  0 B
2451562.71582 19.556 0.088 11  0 C
2451564.59442 19.388 0.077 11  0 A
2451567.68703 19.572 0.086 11  0 B
2451570.59238 19.530 0.078 11  0 C
2451574.78009 19.555 0.056 11  0 A
2451577.73179 19.523 0.069 11  0 B
2451580.76587 19.414 0.062 11  0 A
2451583.65119 19.547 0.069 11  0 A
2451585.73781 19.397 0.056 11  0 A
2451588.74550 19.623 0.107 11  0 D
2451591.71842 19.447 0.100 11  0 E
2451593.56449 19.522 0.088 11  0 A
2451596.71347 19.476 0.093 11  0 B
2451599.63535 19.443 0.056 11  0 A
2451601.71143 19.402 0.086 11  0 C
2451604.59290 19.440 0.072 11  0 C
2451606.62786 19.626 0.094 11  0 C
2451609.66917 19.577 0.073 11  0 B
2451610.65426 19.493 0.079 11  0 C
2451613.54533 19.480 0.081 11  0 D
2451615.57728 19.492 0.066 11  0 B
2451617.64862 19.619 0.075 11  0 A
2451619.63227 19.512 0.092 11  0 A
2451620.58344 19.637 0.105 11  0 C
2451622.53362 19.403 0.087 11  0 B
2451624.53019 19.433 0.079 11  0 B
2451626.53101 19.555 0.080 11  0 C
2451627.65213 19.422 0.080 11  0 B
2451629.53112 19.326 0.064 11  0 B
2451630.61258 19.457 0.065 11  0 A
2451632.54908 19.402 0.071 11  0 B
2451634.52682 19.591 0.079 11  0 B
2451643.51883 19.463 0.075 11  0 B
2451654.55614 19.609 0.102 11  0 B
2451659.54980 19.518 0.086 11  0 B
2451661.57376 19.629 0.087 11  0 B
2451664.53545 19.538 0.081 11  0 A
2451667.54066 19.500 0.106 11  0 C
2451672.55142 19.262 0.075 11 40 B
2451691.51250 19.206 0.067 11  0 A
2451769.89423 19.380 0.091 11  0 E
2451772.90087 19.529 0.083 11  0 C
2451775.90198 19.605 0.086 11  0 A
2451784.88655 19.321 0.069 11  0 B
2451789.87525 19.536 0.055 11  0 B
2451804.82484 19.480 0.071 11  0 B
2451809.84922 19.669 0.070 11  0 B
2451812.81999 19.584 0.074 11  0 A
2451816.83130 19.568 0.058 11  0 B
2451821.82189 19.333 0.056 11  0 C
2451823.86402 19.549 0.064 11  0 A
2451826.84710 19.423 0.064 11  0 B
2451829.82079 19.799 0.116 11  0 B
2451830.83415 19.554 0.087 11  0 A
2451834.87308 19.475 0.080 11  0 C
2451859.81025 19.625 0.085 11  0 B
2451861.82742 19.530 0.081 11  0 B
2451864.80486 19.588 0.067 11  0 A
2451865.78503 19.601 0.073 11  0 B
2451866.85380 19.604 0.074 11  0 A
2451868.82447 19.473 0.054 11  0 A
2451870.75775 19.588 0.061 11  0 A
2451871.84170 19.637 0.067 11  0 A
2451873.80127 19.512 0.063 11  0 A
