2450455.66132 16.935 0.005 11  0 A
2450455.73765 16.934 0.005 11  0 B
2450455.78522 16.954 0.006 11  0 B
2450456.60533 16.953 0.006 11  0 B
2450456.65507 16.944 0.007 11  0 D
2450456.72583 16.938 0.006 11  0 C
2450456.77326 16.926 0.006 11 40 A
2450456.82468 16.944 0.006 11  0 B
2450457.57301 16.947 0.006 11  0 A
2450457.61697 16.955 0.006 11  0 A
2450457.67560 16.950 0.006 11  0 A
2450457.73419 16.939 0.006 11  0 A
2450457.79283 16.957 0.006 11  0 A
2450458.64941 16.961 0.006 11  0 B
2450458.71848 16.954 0.007 11  0 C
2450459.56662 16.948 0.007 11  0 B
2450459.61279 16.968 0.007 11 40 B
2450459.67136 16.957 0.006 11 40 A
2450459.73078 16.946 0.006 11  0 B
2450459.77465 16.954 0.006 11  0 B
2450459.81846 16.943 0.006 11  0 B
2450461.57751 16.958 0.006 11  0 A
2450461.62130 16.948 0.006 11  0 A
2450461.67997 16.950 0.006 11  0 A
2450461.74610 16.938 0.006 11  0 A
2450461.80811 16.950 0.007 11  0 D
2450462.57805 16.953 0.006 11  0 A
2450462.63669 16.946 0.006 11  0 A
2450462.68266 16.959 0.006 11  0 A
2450465.68152 16.942 0.008 11  0 E
2450465.72920 16.953 0.007 11  0 D
2450465.81398 16.952 0.006 11  0 A
2450466.66522 16.949 0.007 11  0 B
2450466.73175 16.945 0.006 11  0 B
2450466.81675 16.966 0.007 11  0 C
2450467.66890 16.929 0.006 11  0 A
2450467.77348 16.941 0.006 11  0 A
2450467.83945 16.960 0.007 11  0 B
2450468.67981 16.937 0.007 11  0 B
2450468.74575 16.947 0.006 11  0 B
2450468.80436 16.933 0.006 11  0 A
2450468.84093 16.927 0.005 11 40 B
2450469.67649 16.931 0.007 11  0 B
2450469.75458 16.959 0.007 11  0 A
2450469.81349 16.943 0.007 11  0 B
2450470.75121 16.960 0.007 11  0 D
2450471.66228 16.940 0.006 11  0 B
2450471.79907 16.957 0.007 11  0 A
2450472.63695 16.936 0.006 11  0 A
2450472.68074 16.961 0.006 11  0 A
2450472.72454 16.947 0.007 11  0 B
2450472.79048 16.948 0.007 11  0 B
2450474.71646 16.931 0.007 11  0 B
2450475.55082 16.947 0.007 11  0 C
2450475.60962 16.945 0.007 11  0 B
2450475.67574 16.933 0.008 11  0 C
2450475.72787 16.953 0.008 11  0 C
2450476.76188 16.948 0.007 11  0 C
2450477.54758 16.924 0.006 11 40 A
2450477.59887 16.946 0.006 11  0 A
2450477.74635 16.934 0.006 11  0 A
2450477.82721 16.960 0.007 11  0 B
2450478.55374 16.938 0.006 11  0 B
2450478.77412 16.945 0.006 11  0 A
2450478.83306 16.932 0.006 11  0 B
2450479.55255 16.964 0.006 11  0 C
2450479.59644 16.929 0.006 11 40 A
2450479.74478 16.933 0.006 11 40 A
2450479.83406 16.949 0.008 11  0 D
2450480.58861 16.942 0.007 11  0 C
2450480.66976 16.937 0.006 11  0 B
2450480.76334 16.955 0.006 11  0 B
2450480.80747 16.957 0.007 11  0 C
2450481.57378 16.953 0.007 11  0 B
2450481.72216 16.944 0.006 11  0 C
2450481.76614 16.935 0.007 11  0 D
2450481.81009 16.927 0.007 11 40 D
2450482.72302 16.935 0.006 11  0 B
2450482.80093 16.953 0.006 11  0 A
2450483.58929 16.949 0.007 11  0 D
2450483.63376 16.939 0.007 11  0 D
2450483.67760 16.931 0.006 11  0 C
2450483.72159 16.923 0.006 11 40 B
2450483.76551 16.944 0.007 11  0 C
2450483.80942 16.948 0.007 11  0 D
2450484.58797 16.949 0.007 11  0 B
2450484.69665 16.937 0.006 11  0 A
2450484.74100 16.939 0.006 11  0 B
2450484.78502 16.946 0.006 11  0 B
2450485.59161 16.945 0.006 11  0 B
2450485.73855 16.946 0.006 11  0 B
2450485.78266 16.955 0.006 11  0 C
2450486.58813 16.955 0.007 11  0 C
2450486.63370 16.947 0.006 11  0 B
2450486.73021 16.953 0.007 11  0 C
2450486.77539 16.941 0.006 11  0 B
2450487.61509 16.955 0.005 11  0 B
2450487.66335 16.932 0.006 11  0 B
2450487.71118 16.954 0.006 11  0 B
2450487.75528 16.927 0.006 11 40 B
2450487.79944 16.944 0.006 11  0 C
2450488.60057 16.928 0.006 11  0 B
2450488.64454 16.943 0.006 11  0 A
2450488.71339 16.936 0.006 11  0 B
2450488.75738 16.942 0.006 11  0 B
2450488.80146 16.967 0.007 11 40 C
2450489.57632 16.935 0.006 11  0 A
2450489.66531 16.936 0.006 11 40 A
2450489.70920 16.930 0.006 11 40 B
2450489.75315 16.945 0.006 11  0 A
2450490.56955 16.946 0.005 11  0 A
2450490.70674 16.937 0.006 11  0 A
2450490.75085 16.943 0.006 11  0 B
2450490.79485 16.946 0.006 11  0 A
2450491.59405 16.948 0.006 11  0 C
2450491.64587 16.929 0.006 11  0 C
2450491.69001 16.942 0.006 11  0 C
2450491.80343 16.956 0.007 11  0 C
2450492.57824 16.942 0.007 11  0 C
2450492.65256 16.944 0.006 11  0 C
2450493.58128 16.941 0.006 11  0 F
2450493.62576 16.941 0.006 11  0 B
2450494.57600 16.927 0.006 11  0 B
2450494.61993 16.952 0.006 11  0 B
2450494.66415 16.943 0.007 11  0 C
2450494.70848 16.944 0.006 11  0 B
2450494.75346 16.922 0.006 11  0 B
2450495.57881 16.925 0.008 11  0 C
2450495.65244 16.971 0.008 11  0 C
2450495.70592 16.966 0.008 11  0 E
2450496.57418 16.929 0.006 11 40 B
2450496.61897 16.945 0.007 11  0 C
2450496.66304 16.984 0.010 11  0 D
2450496.70795 16.978 0.009 11  0 E
2450498.57326 16.934 0.006 11  0 A
2450498.61730 16.933 0.006 11  0 A
2450498.73105 16.926 0.007 11  0 B
2450498.77498 16.939 0.007 11  0 B
2450499.56821 16.950 0.007 11  0 B
2450499.61392 16.942 0.007 11  0 A
2450499.75422 16.960 0.008 11  0 D
2450500.55203 16.946 0.010 11  0 E
2450500.61092 16.935 0.009 11  0 D
2450500.65582 16.949 0.007 11  0 B
2450500.70697 16.929 0.008 11  0 C
2450500.75143 16.952 0.010 11  0 E
2450501.57512 16.933 0.007 11  0 B
2450501.69385 16.936 0.008 11  0 C
2450507.56355 16.943 0.006 11  0 C
2450507.60872 16.954 0.008 11 40 E
2450507.68054 16.975 0.010 11  0 F
2450509.55938 16.967 0.007 11  0 C
2450509.60647 16.949 0.007 11  0 B
2450509.65880 16.960 0.007 11  0 C
2450510.60104 16.948 0.007 11  0 C
2450510.64660 16.943 0.007 11  0 D
2450510.69417 16.964 0.007 11  0 D
2450511.68648 16.966 0.008 11  0 E
2450512.59316 16.939 0.006 11 40 B
2450512.64147 16.942 0.010 11  0 F
2450512.71580 16.937 0.006 11  0 B
2450513.57344 16.931 0.006 11 40 B
2450513.61901 16.942 0.006 11  0 B
2450513.71072 16.919 0.006 11  0 A
2450514.58168 16.961 0.006 11  0 A
2450514.65078 16.932 0.007 11  0 B
2450514.70110 16.943 0.007 11  0 B
2450514.74799 16.951 0.006 11  0 B
2450515.57584 16.946 0.006 11 40 A
2450515.63057 16.935 0.006 11  0 A
2450515.67882 16.952 0.006 11  0 A
2450516.58214 16.922 0.008 11  0 D
2450516.63635 16.959 0.007 11  0 B
2450516.68332 16.950 0.007 11  0 B
2450516.72982 16.947 0.007 11 40 B
2450517.58014 16.921 0.007 11  0 B
2450517.62997 16.952 0.007 11  0 C
2450517.67996 16.950 0.007 11  0 C
2450517.72610 16.929 0.007 11 40 C
2450518.61748 16.940 0.007 11  0 B
2450518.66273 16.945 0.007 11  0 C
2450518.71180 16.936 0.008 11  0 C
2450519.57809 16.944 0.006 11  0 B
2450519.62473 16.946 0.007 11  0 D
2450519.70715 16.965 0.008 11  0 C
2450520.71889 16.914 0.007 11  0 D
2450521.57441 16.954 0.007 11  0 E
2450521.61952 16.946 0.007 11  0 E
2450521.68230 16.937 0.009 11  0 F
2450523.58360 16.942 0.007 11  0 D
2450523.63628 16.931 0.007 11  0 C
2450523.68617 16.962 0.007 11  0 D
2450524.57597 16.925 0.008 11  0 D
2450524.62599 16.965 0.009 11  0 E
2450526.56308 16.951 0.010 11  0 F
2450527.68823 16.963 0.008 11  0 D
2450530.57836 16.953 0.009 11  0 E
2450531.57578 16.953 0.008 11  0 D
2450532.56524 16.945 0.008 11  0 D
2450533.58247 16.970 0.008 11  0 E
2450534.57168 16.983 0.011 11 40 F
2450534.61580 16.948 0.008 11  0 D
2450534.66756 16.978 0.010 11  0 E
2450535.55627 16.949 0.007 11  0 C
2450535.61657 16.916 0.007 11 40 D
2450536.53543 16.950 0.006 11  0 C
2450536.58062 16.948 0.007 11  0 D
2450536.63112 16.958 0.008 11  0 D
2450537.53000 16.927 0.006 11  0 C
2450537.63021 16.954 0.007 11  0 C
2450537.67705 16.937 0.010 11  0 F
2450538.51799 16.962 0.008 11  0 E
2450538.56974 16.944 0.007 11  0 C
2450539.52663 16.960 0.007 11  0 D
2450539.63774 16.934 0.006 11 40 B
2450539.68181 16.937 0.006 11  0 C
2450541.53702 16.938 0.006 11  0 C
2450541.59404 16.939 0.006 11  0 B
2450542.52611 16.952 0.006 11  0 B
2450542.57800 16.942 0.006 11  0 B
2450542.62546 16.929 0.006 11  0 C
2450542.66961 16.968 0.007 11 40 D
2450543.56433 16.949 0.006 11  0 B
2450543.60840 16.954 0.007 11  0 C
2450543.64545 16.941 0.007 11  0 B
2450544.51712 16.945 0.007 11  0 C
2450544.56140 16.945 0.007 11  0 C
2450544.60568 16.941 0.007 11  0 D
2450544.65089 16.938 0.007 11  0 C
2450551.50686 16.946 0.006 11  0 B
2450552.51831 16.951 0.007 11  0 B
2450553.52361 16.945 0.009 11  0 A
2450554.50037 16.943 0.009 11  0 B
2450554.58583 16.926 0.011 11 40 D
2450555.50668 16.947 0.011 11  0 E
2450557.60726 16.947 0.011 11  0 D
2450559.53787 16.928 0.009 11  0 B
2450560.51588 16.951 0.011 11  0 B
2450561.51593 16.936 0.010 11  0 B
2450562.51748 16.938 0.010 11  0 C
2450564.51866 16.937 0.009 11  0 C
2450565.52447 16.934 0.009 11  0 B
2450566.51845 16.942 0.008 11  0 A
2450567.51950 16.929 0.008 11  0 A
2450569.51456 16.926 0.009 11  0 D
2450571.50039 16.929 0.009 11  0 A
2450572.53042 16.934 0.010 11  0 A
2450574.49224 16.949 0.009 11  0 C
2450575.49083 16.959 0.011 11  0 D
2450577.49981 16.964 0.010 11  0 B
2450578.51333 16.942 0.009 11  0 A
2450582.49551 16.946 0.011 11  0 D
2450583.49826 16.942 0.009 11  0 A
2450672.88371 16.931 0.007 11  0 B
2450689.86770 16.925 0.009 11 40 C
2450699.86891 16.949 0.008 11  0 C
2450701.83450 16.922 0.010 11  0 D
2450704.87701 16.917 0.009 11  0 E
2450706.85844 16.927 0.010 11  0 D
2450714.82589 16.950 0.008 11  0 B
2450716.79048 16.943 0.008 11  0 C
2450720.84682 16.947 0.009 11  0 C
2450728.78564 16.931 0.008 11 40 A
2450729.78567 16.947 0.008 11  0 D
2450730.74122 16.950 0.008 11  0 C
2450733.83222 16.957 0.011 11  0 F
2450741.83546 16.928 0.008 11  0 B
2450745.79031 16.941 0.009 11  0 B
2450747.83869 16.936 0.008 11  0 B
2450753.79257 16.953 0.009 11  0 D
2450759.82710 16.947 0.008 11  0 B
2450766.80127 16.948 0.011 11  0 C
2450772.82036 16.934 0.008 11  0 B
2450775.80210 16.939 0.007 11 40 A
2450779.82075 16.965 0.008 11 40 D
2450787.79714 16.922 0.008 11  0 C
2450789.78117 16.941 0.008 11  0 B
2450790.79163 16.953 0.009 11  0 E
2450795.74927 16.944 0.008 11  0 A
2450796.82116 16.942 0.008 11  0 A
2450797.74892 16.928 0.008 11  0 A
2450798.72088 16.924 0.008 11  0 A
2450805.80578 16.926 0.010 11  0 D
2450816.77680 16.946 0.008 11  0 A
2450817.69602 16.947 0.007 11  0 A
2450819.79571 16.946 0.008 11  0 C
2450822.80991 16.954 0.007 11  0 B
2450824.83921 16.934 0.008 11 40 A
2450826.66264 16.932 0.009 11  0 A
2450829.73327 16.935 0.009 11  0 D
2450832.68948 16.921 0.008 11  0 A
2450836.78831 16.924 0.010 11  0 C
2450840.66767 16.945 0.009 11  0 D
2450843.66813 16.936 0.007 11  0 B
2450850.64171 16.941 0.009 11  0 C
2450854.67951 16.927 0.009 11  0 B
2450856.61277 16.971 0.010 11  0 C
2450858.58533 16.923 0.008 11 40 B
2450875.56067 16.963 0.008 11  0 C
2450880.54624 16.926 0.008 11 40 B
2450887.55954 16.937 0.010 11  0 C
2450892.68782 16.940 0.008 11  0 B
2450895.53396 16.918 0.011 11 40 C
2450898.54080 16.933 0.007 11  0 A
2450922.60815 16.935 0.010 11  0 D
2450928.53413 16.947 0.011 11  0 D
2450931.55604 16.973 0.012 11  0 F
2450933.56579 16.955 0.008 11 40 C
2450952.49925 16.936 0.009 11  0 A
2451045.89384 16.943 0.009 11  0 C
2451051.87410 16.931 0.009 11  0 D
2451052.90930 16.926 0.009 11  0 C
2451053.88952 16.938 0.007 11  0 B
2451054.90522 16.952 0.008 11  0 C
2451055.87770 16.931 0.010 11  0 E
2451059.89046 16.945 0.010 11  0 D
2451061.90023 16.935 0.010 11 40 D
2451068.89830 16.944 0.007 11  0 A
2451076.86962 16.946 0.009 11  0 B
2451081.87273 16.950 0.009 11  0 D
2451087.81979 16.947 0.008 11  0 C
2451091.82231 16.919 0.010 11  0 C
2451102.80472 16.940 0.006 11  0 B
2451106.85976 16.932 0.007 11  0 B
2451107.78753 16.958 0.008 11  0 B
2451113.80031 16.950 0.008 11  0 C
2451119.80504 16.932 0.008 11  0 B
2451126.86109 16.925 0.008 11 40 B
2451131.69886 16.905 0.010 11 40 E
2451132.75086 16.947 0.008 11  0 B
2451136.78416 16.940 0.008 11  0 A
2451138.80828 16.952 0.008 11  0 A
2451142.67531 16.958 0.007 11  0 C
2451144.74422 16.935 0.007 11  0 B
2451151.77006 16.930 0.008 11  0 A
2451155.76936 16.948 0.008 11  0 A
2451158.76690 16.928 0.008 11  0 B
2451161.74482 16.935 0.007 11  0 A
2451165.76556 16.954 0.008 11  0 B
2451169.76043 16.938 0.008 11  0 C
2451174.73427 16.938 0.007 11  0 D
2451179.75108 16.925 0.009 11  0 A
2451181.82314 16.945 0.009 11  0 A
2451186.77756 16.941 0.007 11  0 B
2451187.83883 16.909 0.007 11 40 A
2451189.84764 16.963 0.008 11  0 B
2451196.71758 16.931 0.009 11  0 D
2451201.72640 16.936 0.009 11  0 D
2451203.74627 16.954 0.009 11  0 B
2451207.60319 16.945 0.012 11  0 D
2451211.64093 16.932 0.009 11  0 A
2451214.64181 16.945 0.009 11  0 B
2451217.61669 16.934 0.007 11  0 A
2451220.62152 16.931 0.008 11 40 A
2451223.64775 16.942 0.008 11 40 B
2451225.58868 16.945 0.007 11  0 A
2451227.66919 16.942 0.009 11  0 E
2451231.56510 16.922 0.009 11  0 C
2451234.61334 16.937 0.009 11  0 B
2451236.62082 16.937 0.012 11  0 D
2451240.57329 16.949 0.009 11  0 A
2451242.67500 16.933 0.010 11  0 B
2451244.62460 16.931 0.009 11  0 B
2451247.55517 16.956 0.010 11  0 C
2451256.53989 16.948 0.012 11  0 E
2451260.56538 16.941 0.009 11  0 A
2451265.54035 16.933 0.009 11 40 A
2451273.58624 16.952 0.012 11  0 D
2451277.52252 16.933 0.009 11  0 B
2451281.56629 16.953 0.010 11  0 B
2451288.52079 16.951 0.011 11  0 B
2451290.58819 16.938 0.010 11  0 A
2451296.52554 16.941 0.010 11 40 B
2451298.56345 16.947 0.012 11  0 B
2451301.50519 16.934 0.010 11 40 B
2451305.55099 16.941 0.010 11  0 C
2451308.48050 16.936 0.009 11  0 B
2451313.52700 16.953 0.011 11  0 C
2451316.51886 16.974 0.005 11 40 D
2451319.49513 16.946 0.009 11  0 A
2451329.50421 16.927 0.012 11  0 B
2451340.46662 16.938 0.012 11 40 C
2451412.85348 16.934 0.009 11  0 D
2451418.85071 16.950 0.010 11  0 C
2451430.90523 16.941 0.008 11  0 B
2451432.83905 16.918 0.010 11  0 E
2451437.79897 16.919 0.010 11  0 E
2451440.84661 16.953 0.010 11  0 D
2451446.85871 16.945 0.012 11  0 C
2451447.88423 16.926 0.012 11 40 D
2451451.86850 16.936 0.010 11  0 C
2451455.84731 16.961 0.012 11  0 F
2451459.78597 16.939 0.010 11  0 E
2451462.79025 16.941 0.010 11  0 E
2451470.85062 16.940 0.008 11  0 A
2451475.76324 16.938 0.008 11  0 A
2451478.71861 16.937 0.011 11  0 E
2451481.69228 16.942 0.010 11  0 E
2451487.72167 16.947 0.008 11  0 B
2451490.71850 16.943 0.010 11  0 D
2451492.71162 16.918 0.009 11  0 B
2451495.71012 16.945 0.008 11  0 C
2451499.66790 16.957 0.012 11  0 D
2451502.66313 16.935 0.010 11  0 C
2451505.70373 16.962 0.010 11 40 A
2451507.83719 16.946 0.009 11  0 A
2451510.81316 16.928 0.008 11  0 A
2451512.70994 16.922 0.010 11 40 E
2451514.82102 16.928 0.009 11  0 D
2451517.65650 16.940 0.009 11  0 C
2451519.73013 16.946 0.008 11  0 A
2451521.66588 16.930 0.008 11  0 A
2451523.78664 16.942 0.010 11  0 C
2451525.78099 16.936 0.008 11  0 B
2451527.70995 16.952 0.008 11  0 A
2451528.75630 16.962 0.008 11  0 B
2451529.77739 16.943 0.008 11  0 A
2451531.77051 16.916 0.008 11  0 B
2451538.72704 16.947 0.009 11  0 A
2451541.68314 16.931 0.007 11  0 A
2451542.71301 16.951 0.008 11  0 A
2451544.63903 16.955 0.008 11  0 A
2451547.76597 16.942 0.008 11  0 A
2451548.74356 16.954 0.008 11  0 A
2451549.73782 16.939 0.007 11  0 A
2451552.60255 16.921 0.008 11  0 B
2451554.72904 16.938 0.007 11  0 A
2451555.73575 16.939 0.008 11  0 A
2451562.73870 16.947 0.011 11  0 D
2451564.61726 16.928 0.010 11  0 C
2451567.70986 16.943 0.009 11  0 C
2451570.61521 16.928 0.008 11  0 B
2451574.75714 16.939 0.007 11  0 A
2451577.70681 16.952 0.008 11  0 B
2451580.74288 16.947 0.009 11  0 A
2451583.62825 16.931 0.008 11  0 B
2451585.75013 16.948 0.008 11  0 A
2451589.63307 16.932 0.008 11  0 A
2451592.62485 16.940 0.008 11  0 A
2451595.67076 16.944 0.010 11  0 B
2451599.61239 16.939 0.008 11  0 B
2451601.68842 16.933 0.010 11  0 C
2451604.56997 16.949 0.010 11  0 D
2451606.60483 16.939 0.009 11  0 C
2451609.64619 16.966 0.009 11 40 B
2451610.63131 16.919 0.009 11  0 B
2451613.52234 16.953 0.009 11  0 C
2451615.55431 16.951 0.010 11  0 D
2451617.62566 16.938 0.008 11  0 A
2451619.60933 16.946 0.010 11  0 C
2451620.56050 16.965 0.010 11  0 C
2451622.51066 16.953 0.010 11  0 B
2451624.50722 16.958 0.011 11  0 C
2451626.50805 16.934 0.009 11 40 C
2451627.62915 16.932 0.011 11  0 E
2451629.50818 16.941 0.009 11  0 B
2451630.58958 16.948 0.009 11  0 B
2451632.52613 16.955 0.010 11  0 B
2451634.50385 16.913 0.009 11 40 B
2451643.49579 16.933 0.009 11  0 B
2451654.53318 16.940 0.010 11  0 B
2451656.51939 16.976 0.009 11  0 B
2451659.52687 16.941 0.010 11  0 B
2451661.55083 16.936 0.009 11  0 B
2451663.57644 16.924 0.008 11  0 A
2451667.51771 16.937 0.012 11  0 C
2451670.53946 16.960 0.010 11  0 C
2451691.52775 16.994 0.010 11  0 B
2451694.48430 16.939 0.012 11  0 C
2451769.87138 16.947 0.009 11  0 C
2451771.89819 16.954 0.012 11  0 E
2451772.87805 16.918 0.008 11 40 B
2451775.87912 16.933 0.009 11  0 B
2451784.86374 16.946 0.010 11  0 C
2451789.85242 16.939 0.007 11  0 A
2451804.80205 16.808 0.008 11 40 D
2451808.88260 16.923 0.009 11  0 D
2451812.79714 16.937 0.008 11  0 A
2451816.80849 16.936 0.008 11  0 B
2451821.79907 16.935 0.008 11  0 B
2451823.84119 16.934 0.007 11  0 A
2451826.82427 16.912 0.010 11 40 C
2451829.79795 16.904 0.010 11 40 B
2451830.81124 16.962 0.010 11  0 B
2451834.85023 16.930 0.009 11  0 C
2451845.84767 16.940 0.007 11  0 A
2451851.84505 16.922 0.010 11  0 F
2451859.78737 16.927 0.008 11  0 A
2451861.80456 16.954 0.008 11  0 B
2451864.78202 16.939 0.008 11  0 A
2451865.76221 16.969 0.008 11 40 B
2451867.81599 16.960 0.007 11  0 A
2451868.80156 16.943 0.007 11  0 A
2451870.73487 16.963 0.007 11 40 B
2451871.81885 16.925 0.007 11  0 A
2451873.77843 16.949 0.008 11  0 A
