2450726.82249 19.361 0.071 11  0 A
2450739.85628 19.455 0.108 11  0 C
2450744.76462 19.271 0.071 11  0 B
2450745.84923 19.378 0.072 11  0 A
2450746.83511 19.529 0.078 11  0 A
2450747.73056 19.379 0.077 11  0 C
2450748.68254 19.444 0.094 11  0 E
2450750.79549 19.562 0.090 11 40 B
2450751.79630 19.415 0.083 11  0 B
2450752.85413 19.608 0.089 11  0 B
2450754.80038 19.441 0.120 11  0 E
2450755.77835 19.513 0.103 11  0 D
2450759.70422 19.580 0.088 11  0 C
2450761.78543 19.605 0.107 11  0 C
2450766.83515 19.524 0.124 11  0 B
2450773.79074 19.476 0.088 11  0 A
2450776.81594 19.416 0.074 11  0 B
2450778.84903 19.360 0.111 11  0 D
2450780.77631 19.578 0.082 11  0 B
2450782.80494 19.467 0.080 11  0 B
2450788.83242 19.408 0.069 11  0 A
2450792.74247 19.409 0.090 11  0 B
2450795.82782 19.448 0.076 11  0 A
2450798.75212 19.682 0.093 11  0 A
2450817.75045 19.441 0.071 11  0 A
2450819.82713 19.592 0.113 11  0 C
2450824.69783 19.444 0.104 11  0 A
2450826.79048 19.424 0.131 11  0 C
2450827.68729 19.577 0.087 11  0 A
2450828.74693 19.448 0.084 11  0 A
2450829.69453 19.453 0.074 11  0 B
2450830.75266 19.452 0.080 11  0 A
2450831.58993 19.691 0.138 11  0 E
2450832.75953 19.506 0.090 11  0 A
2450833.57912 19.541 0.085 11  0 B
2450834.69840 19.587 0.092 11  0 B
2450835.80087 19.532 0.085 11  0 C
2450837.66276 19.458 0.063 11  0 A
2450839.66118 19.337 0.119 11  0 F
2450841.75024 19.541 0.079 11  0 A
2450842.74015 19.455 0.096 11  0 D
2450844.59509 19.383 0.100 11  0 E
2450846.76703 19.642 0.093 11  0 B
2450850.75789 19.493 0.099 11  0 C
2450854.78276 19.425 0.141 11  0 C
2450856.66682 19.487 0.133 11  0 D
2450857.72549 19.429 0.106 11  0 B
2450858.68863 19.610 0.101 11  0 B
2450859.75538 19.371 0.084 11  0 A
2450860.64834 19.400 0.090 11  0 A
2450865.56566 19.350 0.118 11  0 F
2450867.62075 19.395 0.092 11  0 D
2450874.68445 19.687 0.089 11  0 B
2450876.60051 19.705 0.105 11  0 B
2450876.70299 19.557 0.078 11  0 A
2450878.69053 19.649 0.107 11  0 C
2450880.62484 19.656 0.105 11  0 B
2450887.66910 19.542 0.137 11  0 D
2450890.69271 20.009 0.209 11  0 E
2450892.53948 19.540 0.094 11  0 B
2450893.70573 19.537 0.112 11  0 C
2450896.50745 19.621 0.105 11  0 B
2450900.56093 19.527 0.105 11  0 B
2450919.56282 19.369 0.121 11  0 B
2450925.51587 19.414 0.129 11  0 D
2450934.52263 19.429 0.126 11  0 C
2450950.51580 19.335 0.086 11  0 A
2451072.89839 19.491 0.095 11  0 C
2451079.80675 19.560 0.086 11  0 C
2451080.81038 19.511 0.074 11  0 C
2451083.82091 19.412 0.101 11  0 D
2451084.81634 19.484 0.083 11  0 C
2451086.84437 19.450 0.083 11  0 B
2451090.77202 19.769 0.163 11  0 D
2451091.87982 19.523 0.106 11  0 B
2451092.82243 19.365 0.093 11  0 B
2451093.83449 19.358 0.081 11  0 A
2451106.76340 19.479 0.065 11  0 B
2451108.78441 19.621 0.089 11  0 B
2451114.79384 19.512 0.066 11  0 A
2451119.83708 19.830 0.125 11  0 A
2451120.74167 19.600 0.123 11  0 D
2451126.76149 19.533 0.106 11  0 C
2451129.82579 19.501 0.098 11  0 C
2451131.83171 19.702 0.142 11  0 D
2451132.82132 19.302 0.069 11  0 B
2451137.80352 19.550 0.082 11  0 A
2451138.84482 19.490 0.088 11  0 A
2451142.77150 19.467 0.072 11  0 A
2451154.74470 19.387 0.086 11  0 B
2451155.70095 19.792 0.129 11  0 C
2451157.75483 19.152 0.108 11  0 D
2451159.76055 19.647 0.103 11  0 B
2451161.82458 19.551 0.077 11  0 A
2451163.82648 19.434 0.080 11  0 C
2451164.84139 19.443 0.066 11  0 A
2451166.75886 19.575 0.129 11  0 D
2451167.78510 19.655 0.143 11  0 E
2451168.76774 19.771 0.155 11  0 B
2451171.73662 19.593 0.070 11  0 A
2451175.73404 19.547 0.077 11  0 B
2451179.78343 19.616 0.125 11  0 A
2451181.74695 19.672 0.124 11  0 A
2451183.83188 19.480 0.079 11  0 B
2451185.82923 19.388 0.065 11  0 A
2451187.78455 19.609 0.083 11  0 A
2451189.72101 19.425 0.070 11  0 A
2451191.75972 19.687 0.083 11  0 B
2451192.81851 19.463 0.065 11  0 A
2451193.81045 19.449 0.064 11  0 B
2451194.68609 19.385 0.099 11  0 E
2451201.77460 19.407 0.089 11  0 C
2451202.78381 19.567 0.098 11  0 B
2451204.69037 19.446 0.092 11  0 B
2451206.79053 19.553 0.098 11  0 B
2451207.70077 19.692 0.128 11  0 B
2451211.75869 19.455 0.123 11  0 B
2451214.67282 19.826 0.153 11 40 B
2451215.57762 19.521 0.077 11  0 B
2451216.65403 19.538 0.079 11  0 A
2451217.73574 19.459 0.086 11  0 A
2451219.64944 19.600 0.099 11  0 B
2451220.75743 19.439 0.107 11  0 D
2451221.62328 19.605 0.113 11  0 C
2451223.71189 19.496 0.107 11  0 D
2451224.59184 19.048 0.075 11  0 D
2451226.60150 19.506 0.079 11  0 B
2451227.60631 19.468 0.078 11  0 C
2451233.56716 19.513 0.090 11  0 B
2451235.70495 19.634 0.121 11  0 B
2451238.62746 19.373 0.110 11  0 C
2451240.70320 19.637 0.141 11  0 B
2451242.52114 19.449 0.095 11  0 B
2451244.65766 19.654 0.112 11  0 B
2451247.51545 19.363 0.088 11  0 B
2451248.61568 19.664 0.122 11  0 C
2451251.57017 19.530 0.113 11  0 D
2451254.58469 19.678 0.123 11  0 C
2451255.61792 19.353 0.105 11  0 C
2451256.62195 19.567 0.100 11  0 B
2451258.60913 19.490 0.082 11  0 A
2451261.51493 19.470 0.079 11  0 A
2451264.52594 19.426 0.102 11  0 B
2451267.54751 19.549 0.150 11  0 C
2451272.52779 19.414 0.105 11  0 C
2451274.54559 19.617 0.147 11  0 D
2451276.55809 19.534 0.101 11  0 B
2451278.56165 19.480 0.116 11  0 B
2451279.54442 19.627 0.120 11  0 B
2451290.52575 19.278 0.104 11  0 B
2451298.50228 19.488 0.134 11  0 D
2451301.57668 19.250 0.112 11 40 C
2451306.49363 19.532 0.102 11  0 B
2451315.52601 19.340 0.126 11  0 C
2451318.50856 19.396 0.115 11  0 C
2451320.50128 19.370 0.107 11  0 B
2451335.50461 19.474 0.112 11  0 B
2451431.86393 19.491 0.076 11  0 B
2451433.85886 19.769 0.141 11  0 D
2451436.76966 19.562 0.094 11  0 C
2451439.85062 19.496 0.078 11  0 B
2451441.86931 19.517 0.093 11  0 C
2451443.89099 19.569 0.099 11  0 C
2451447.82200 19.495 0.137 11  0 D
2451449.86381 19.444 0.119 11  0 E
2451454.87732 19.615 0.167 11  0 E
2451459.74454 19.640 0.163 11  0 F
2451462.82215 19.351 0.101 11  0 E
2451471.81982 19.491 0.085 11  0 B
2451476.71147 19.555 0.109 11  0 B
2451478.78983 19.527 0.095 11  0 B
2451484.77800 19.500 0.087 11  0 B
2451487.84888 19.584 0.093 11  0 A
2451489.75995 19.461 0.070 11  0 A
2451491.78864 19.625 0.115 11  0 C
2451493.73067 19.328 0.081 11  0 B
2451496.62756 19.757 0.143 11  0 C
2451498.69462 19.465 0.088 11  0 B
2451500.83486 19.670 0.096 11  0 B
2451503.67017 19.496 0.140 11  0 C
2451505.77747 19.557 0.111 11  0 A
2451507.72844 19.559 0.116 11  0 B
2451508.68115 19.607 0.090 11  0 A
2451509.70643 19.662 0.103 11  0 A
2451511.69968 19.496 0.099 11  0 B
2451512.80441 19.384 0.089 11  0 B
2451514.74806 19.527 0.112 11  0 E
2451517.71318 19.700 0.084 11  0 A
2451519.66674 19.530 0.095 11  0 B
2451522.74693 19.572 0.094 11  0 B
2451523.69186 19.422 0.122 11  0 D
2451525.66835 19.528 0.116 11  0 D
2451527.78783 19.502 0.090 11  0 B
2451528.79623 19.636 0.103 11  0 C
2451529.83941 19.394 0.078 11  0 B
2451531.81757 19.458 0.079 11 40 B
2451538.77395 19.434 0.090 11  0 B
2451542.79852 19.631 0.095 11  0 A
2451544.74043 19.665 0.088 11  0 A
2451547.81302 19.463 0.072 11  0 B
2451548.82254 19.576 0.080 11  0 A
2451549.83244 19.501 0.081 11  0 A
2451552.70901 19.529 0.085 11  0 A
2451553.78403 19.464 0.079 11  0 B
2451554.79927 19.396 0.059 11  0 A
2451555.78765 19.684 0.118 11  0 C
2451555.84072 19.837 0.154 11  0 B
2451561.58064 19.854 0.149 11  0 D
2451562.78542 19.389 0.104 11  0 B
2451566.63338 19.699 0.121 11  0 A
2451568.65629 19.544 0.131 11  0 D
2451571.71953 19.643 0.103 11  0 B
2451575.68234 19.512 0.098 11  0 C
2451577.74940 19.627 0.087 11  0 B
2451579.71933 19.311 0.077 11  0 B
2451581.66728 19.404 0.090 11  0 D
2451584.64340 19.543 0.092 11  0 A
2451586.65226 19.437 0.081 11  0 A
2451589.74939 19.569 0.124 11  0 B
2451592.64133 19.748 0.117 11  0 B
2451593.54348 19.389 0.118 11  0 C
2451595.61607 19.436 0.096 11  0 B
2451599.72132 19.815 0.151 11  0 C
2451600.64916 19.483 0.128 11  0 D
2451601.72731 19.869 0.168 11  0 B
2451602.70870 19.558 0.103 11  0 B
2451606.67528 19.272 0.084 11  0 B
2451609.68874 19.525 0.091 11  0 B
2451610.70633 19.698 0.131 11  0 C
2451611.68358 19.541 0.118 11  0 D
2451613.67432 19.704 0.166 11  0 E
2451615.68434 19.607 0.118 11  0 C
2451616.62128 19.429 0.087 11  0 B
2451617.66445 19.429 0.082 11  0 A
2451618.50577 19.564 0.118 11  0 B
2451620.52933 19.658 0.145 11  0 C
2451620.67919 19.439 0.123 11  0 B
2451622.67365 19.647 0.128 11  0 A
2451624.67170 19.551 0.143 11  0 C
2451625.65136 19.599 0.116 11  0 B
2451627.66787 19.489 0.091 11  0 A
2451629.64282 19.496 0.096 11  0 B
2451630.65983 19.478 0.085 11  0 A
2451633.49730 19.478 0.093 11  0 A
2451634.61661 19.438 0.096 11  0 D
2451635.63014 19.359 0.093 11  0 B
2451644.55665 19.397 0.078 11  0 A
2451650.48756 20.029 0.240 11  0 E
2451653.52365 19.383 0.110 11  0 B
2451654.57514 19.668 0.142 11  0 B
2451656.59183 19.210 0.102 11  0 C
2451658.51178 19.577 0.119 11  0 B
2451660.48979 19.780 0.157 11  0 C
2451662.50446 19.394 0.103 11  0 B
2451665.53979 19.333 0.117 11  0 C
2451670.49911 19.556 0.111 11  0 B
2451782.89889 19.693 0.125 11  0 C
2451783.89001 19.506 0.100 11  0 C
2451790.87689 19.350 0.064 11  0 A
2451813.81112 19.344 0.075 11  0 B
2451818.86355 19.511 0.106 11  0 C
2451823.88024 19.528 0.082 11  0 B
2451826.86312 19.439 0.080 11  0 B
2451843.79913 19.418 0.086 11  0 B
2451843.84738 19.551 0.098 11  0 C
2451844.81424 19.490 0.085 11  0 A
2451845.70525 19.475 0.080 11  0 B
2451845.77422 19.654 0.100 11  0 B
2451845.86333 19.535 0.086 11  0 A
2451847.62926 19.397 0.099 11  0 B
2451847.71748 19.565 0.131 11  0 E
2451849.61805 19.504 0.115 11  0 E
2451850.71657 19.397 0.102 11  0 D
2451852.73248 19.553 0.090 11  0 B
2451855.79085 19.531 0.088 11  0 C
2451856.69751 19.400 0.116 11  0 D
2451858.70302 19.665 0.131 11  0 C
2451858.79267 19.631 0.126 11  0 C
2451860.76453 19.450 0.116 11  0 C
2451860.83439 19.540 0.104 11  0 A
2451861.69443 19.439 0.112 11  0 D
2451862.61214 19.620 0.146 11  0 D
2451862.74663 19.567 0.102 11  0 A
2451864.60860 19.377 0.089 11  0 C
2451864.75079 19.482 0.078 11  0 B
2451864.84290 19.454 0.069 11  0 A
2451866.67654 19.439 0.075 11  0 A
2451866.78932 19.427 0.078 11  0 A
2451866.84534 19.394 0.068 11  0 A
2451868.65617 19.407 0.075 11  0 A
2451868.74739 19.472 0.066 11  0 A
2451869.78179 19.445 0.098 11  0 D
2451869.82157 19.621 0.112 11  0 D
2451870.71156 19.373 0.075 11  0 B
2451870.82187 19.308 0.093 11  0 C
2451872.69734 19.332 0.077 11  0 A
2451872.77285 19.627 0.111 11  0 C
