2450455.69739 16.908 0.006 11  0 A
2450456.67852 16.922 0.008 11  0 E
2450456.78806 16.919 0.007 11  0 A
2450457.63900 16.922 0.007 11  0 A
2450457.69762 16.917 0.006 11  0 A
2450457.81490 16.907 0.008 11  0 B
2450458.67142 16.912 0.008 11  0 C
2450459.63477 16.931 0.007 11  0 A
2450459.84042 16.907 0.007 11  0 B
2450461.64334 16.931 0.007 11  0 A
2450461.77156 16.928 0.007 11  0 A
2450462.60011 16.914 0.007 11  0 A
2450465.75128 16.925 0.007 11  0 B
2450466.83886 16.929 0.007 11  0 B
2450468.76780 16.914 0.007 11  0 A
2450469.77672 16.929 0.009 11  0 D
2450470.79460 16.909 0.010 11  0 D
2450472.81253 16.936 0.009 11  0 B
2450473.72822 16.909 0.010 11  0 C
2450475.57306 16.929 0.008 11  0 C
2450477.79063 16.943 0.007 11 40 A
2450478.79634 16.921 0.007 11  0 C
2450479.79660 16.917 0.008 11  0 B
2450480.63307 16.923 0.007 11  0 C
2450481.53090 16.918 0.008 11  0 C
2450482.82358 16.901 0.007 11  0 C
2450483.52903 16.922 0.008 11 40 D
2450484.52722 16.927 0.009 11 40 C
2450485.53179 16.926 0.008 11  0 C
2450486.52396 16.925 0.008 11 40 B
2450487.55135 16.941 0.008 11  0 D
2450488.56373 16.929 0.007 11  0 B
2450489.52380 16.920 0.007 11  0 B
2450490.53247 16.905 0.007 11  0 B
2450491.53403 16.934 0.008 11 40 C
2450492.51918 16.933 0.009 11  0 E
2450493.52232 16.892 0.007 11  0 A
2450494.51729 16.926 0.008 11  0 C
2450494.77677 16.911 0.006 11  0 A
2450495.51937 16.922 0.009 11  0 D
2450496.51454 16.901 0.009 11  0 C
2450496.73094 16.911 0.010 11  0 D
2450498.51388 16.918 0.009 11  0 D
2450499.77630 16.927 0.009 11  0 C
2450500.77379 16.926 0.010 11  0 C
2450501.53833 16.935 0.009 11 40 B
2450507.52453 16.938 0.008 11  0 C
2450508.56715 16.922 0.009 11  0 E
2450509.52170 16.913 0.008 11  0 C
2450510.55240 16.929 0.009 11  0 D
2450510.71763 16.910 0.009 11  0 D
2450511.61703 16.909 0.008 11  0 E
2450512.55137 16.917 0.009 11  0 E
2450513.53549 16.891 0.008 11  0 E
2450513.64730 16.920 0.006 11  0 A
2450514.51513 16.919 0.010 11  0 E
2450514.61060 16.904 0.006 11  0 A
2450515.51179 16.910 0.007 11  0 B
2450516.51529 16.909 0.009 11  0 D
2450517.51483 16.921 0.008 11  0 C
2450518.55169 16.930 0.007 11  0 B
2450519.50474 16.919 0.007 11  0 B
2450519.65424 16.921 0.008 11  0 C
2450519.73208 16.905 0.008 11  0 C
2450520.67098 16.926 0.008 11  0 C
2450521.50690 16.918 0.009 11  0 D
2450521.64444 16.925 0.009 11  0 E
2450521.70821 16.937 0.011 11  0 E
2450523.51216 16.938 0.009 11  0 F
2450524.49765 16.873 0.010 11  0 E
2450524.53769 16.926 0.008 11 40 C
2450525.56085 16.935 0.008 11  0 C
2450526.50102 16.924 0.009 11  0 E
2450526.59675 16.925 0.008 11  0 E
2450527.49581 16.918 0.008 11  0 C
2450528.55561 16.931 0.010 11 40 F
2450530.53554 16.928 0.009 11  0 D
2450530.63315 16.923 0.013 11  0 E
2450531.50860 16.919 0.010 11  0 E
2450531.60760 16.951 0.013 11  0 E
2450532.49721 16.934 0.011 11  0 E
2450533.49624 16.929 0.010 11  0 F
2450533.62213 16.910 0.010 11  0 E
2450534.50549 16.917 0.009 11  0 F
2450535.50987 16.946 0.006 11 40 B
2450536.65892 16.905 0.009 11  0 D
2450540.49709 16.943 0.009 11 40 E
2450552.60886 16.894 0.009 11  0 C
2450554.52321 16.893 0.010 11 40 B
2450558.51626 16.959 0.016 11 40 E
2450560.53863 16.934 0.013 11  0 B
2450561.47914 16.927 0.011 11  0 A
2450562.47118 16.917 0.012 11  0 E
2450564.48011 16.898 0.014 11  0 E
2450573.47099 16.921 0.013 11  0 D
2450673.82532 16.916 0.009 11  0 D
2450689.85155 16.909 0.010 11  0 D
2450699.79761 16.922 0.011 11  0 E
2450701.79486 16.908 0.011 11  0 E
2450704.83666 16.898 0.010 11 40 D
2450706.78297 16.913 0.014 11  0 E
2450707.83632 16.917 0.013 11  0 E
2450715.80221 16.925 0.010 11  0 D
2450720.78228 16.893 0.010 11  0 E
2450722.81274 16.928 0.009 11  0 B
2450726.77076 16.929 0.009 11  0 B
2450728.81052 16.926 0.009 11  0 B
2450729.86534 16.922 0.009 11  0 C
2450733.76620 16.909 0.013 11  0 F
2450741.86100 16.916 0.010 11  0 B
2450744.86647 16.897 0.010 11 40 B
2450745.70814 16.927 0.010 11 40 C
2450747.77515 16.915 0.009 11  0 B
2450748.72929 16.924 0.009 11  0 C
2450751.71247 16.940 0.011 11  0 D
2450755.67275 16.931 0.013 11  0 E
2450759.78586 16.947 0.009 11 40 D
2450760.76235 16.920 0.010 11  0 B
2450761.84732 16.913 0.010 11  0 C
2450765.78891 16.940 0.010 11 40 A
2450769.77970 16.935 0.010 11  0 A
2450774.78625 16.920 0.010 11  0 B
2450778.76962 16.918 0.012 11  0 C
2450780.84039 16.933 0.009 11  0 B
2450781.77447 16.928 0.010 11  0 C
2450783.82345 16.920 0.008 11  0 A
2450788.78554 16.907 0.008 11  0 A
2450789.74196 16.914 0.009 11  0 A
2450792.78202 16.917 0.011 11  0 B
2450795.84373 16.922 0.009 11  0 A
2450796.84440 16.928 0.011 11  0 B
2450797.84190 16.900 0.009 11  0 A
2450798.83895 16.907 0.010 11  0 A
2450805.76432 16.926 0.011 11  0 E
2450816.70669 16.929 0.009 11  0 A
2450817.81293 16.921 0.010 11 40 B
2450818.84886 16.906 0.009 11  0 B
2450819.84289 16.934 0.011 11  0 B
2450822.77108 16.913 0.008 11  0 A
2450825.73033 16.917 0.011 11  0 C
2450827.64086 16.905 0.009 11  0 A
2450828.82542 16.935 0.010 11  0 B
2450829.65992 16.900 0.012 11  0 F
2450830.79130 16.932 0.010 11  0 B
2450831.63654 16.913 0.010 11  0 D
2450832.71270 16.918 0.009 11  0 A
2450833.53780 16.907 0.010 11  0 E
2450834.75989 16.889 0.013 11  0 E
2450837.80487 16.927 0.008 11  0 A
2450839.59172 16.916 0.009 11  0 C
2450841.81371 16.921 0.009 11  0 B
2450842.77888 16.933 0.010 11  0 B
2450844.64694 16.915 0.009 11  0 C
2450850.66798 16.924 0.010 11 40 C
2450854.72874 16.922 0.012 11  0 B
2450856.73535 16.925 0.012 11  0 D
2450858.61665 16.912 0.011 11  0 C
2450860.76330 16.905 0.013 11  0 C
2450864.70276 16.897 0.010 11  0 E
2450875.59840 16.924 0.009 11  0 B
2450880.51542 16.925 0.009 11  0 B
2450887.60628 16.900 0.010 11  0 B
2450892.67965 16.948 0.010 11 40 D
2450895.50201 16.913 0.011 11  0 C
2450897.50078 16.886 0.009 11 40 A
2450918.49561 16.915 0.012 11  0 D
2450922.48410 16.918 0.010 11  0 A
2450928.50265 16.924 0.012 11  0 C
2450931.52509 16.926 0.011 11  0 C
2450934.49727 16.934 0.013 11  0 C
2450950.49967 16.934 0.010 11  0 C
2450952.49133 16.927 0.010 11  0 A
2451053.92066 16.916 0.011 11  0 C
2451068.81146 16.916 0.011 11  0 E
2451069.80238 16.932 0.009 11  0 D
2451071.80119 16.945 0.014 11  0 F
2451077.82775 16.925 0.010 11  0 C
2451083.77692 16.908 0.010 11  0 E
2451088.84574 16.936 0.010 11  0 B
2451092.87830 16.928 0.010 11  0 C
2451102.77010 16.921 0.008 11  0 A
2451106.82713 16.914 0.008 11  0 A
2451112.80864 16.937 0.009 11  0 B
2451116.78488 16.916 0.008 11  0 A
2451126.68468 16.924 0.010 11  0 C
2451128.83746 16.937 0.010 11 40 B
2451131.84808 16.905 0.011 11  0 D
2451132.78199 16.917 0.010 11  0 B
2451136.81534 16.916 0.009 11  0 A
2451142.70759 16.905 0.007 11  0 A
2451151.80218 16.947 0.009 11  0 A
2451154.81005 16.917 0.009 11  0 B
2451157.80334 16.912 0.011 11  0 B
2451160.83683 16.910 0.009 11  0 B
2451163.77827 16.908 0.010 11  0 D
2451166.81223 16.909 0.011 11  0 C
2451169.79277 16.921 0.009 11  0 C
2451171.84123 16.897 0.008 11  0 A
2451174.76756 16.918 0.008 11  0 A
2451175.84886 16.946 0.013 11  0 E
2451179.84287 16.920 0.011 11 40 B
2451183.73767 16.923 0.009 11  0 B
2451185.85243 16.913 0.008 11  0 A
2451187.80798 16.926 0.008 11  0 A
2451189.83100 16.918 0.009 11  0 B
2451191.83640 16.928 0.008 11  0 A
2451194.74376 16.928 0.010 11  0 C
2451196.62428 16.940 0.011 11  0 F
2451201.75895 16.916 0.010 11  0 E
2451204.74459 16.937 0.010 11  0 B
2451207.63741 16.905 0.011 11  0 B
2451211.71781 16.908 0.011 11  0 B
2451214.61093 16.910 0.010 11  0 B
2451217.66434 16.909 0.010 11  0 C
2451219.72015 16.928 0.011 11  0 C
2451223.58848 16.910 0.010 11  0 B
2451226.68117 16.942 0.011 11  0 D
2451228.65497 16.895 0.012 11 40 F
2451231.59642 16.911 0.011 11  0 D
2451234.67395 16.895 0.010 11  0 C
2451239.69465 16.908 0.011 11  0 A
2451241.71127 16.907 0.012 11  0 A
2451243.51824 16.921 0.011 11  0 C
2451245.60295 16.914 0.010 11  0 B
2451247.70237 16.928 0.012 11  0 B
2451248.67008 16.922 0.013 11  0 D
2451254.52156 16.907 0.011 11  0 B
2451259.51395 16.921 0.011 11  0 B
2451264.50816 16.915 0.011 11  0 B
2451267.52732 16.904 0.012 11  0 C
2451273.53350 16.914 0.012 11  0 C
2451275.51250 16.915 0.010 11  0 B
2451278.54505 16.925 0.012 11  0 B
2451288.48984 16.921 0.012 11  0 B
2451290.61955 16.917 0.013 11  0 B
2451298.53109 16.921 0.012 11  0 B
2451301.53638 16.897 0.012 11  0 B
2451306.47764 16.906 0.010 11  0 B
2451312.47055 16.924 0.012 11  0 B
2451316.48590 16.926 0.006 11  0 B
2451319.52651 16.923 0.011 11  0 C
2451330.46353 16.915 0.014 11  0 B
2451331.46630 16.925 0.011 11  0 C
2451332.46173 16.922 0.013 11 40 D
2451333.46732 16.944 0.014 11  0 E
2451335.46372 16.939 0.012 11 40 B
2451338.49326 16.901 0.016 11  0 D
2451342.46300 16.936 0.012 11  0 B
2451395.91278 16.912 0.011 11  0 C
2451400.89863 16.930 0.011 11  0 D
2451412.90895 16.919 0.013 11  0 E
2451415.91829 16.909 0.014 11  0 D
2451430.87304 16.929 0.010 11  0 C
2451432.87026 16.914 0.011 11  0 E
2451435.77422 16.928 0.013 11  0 F
2451437.76792 16.908 0.011 11  0 D
2451440.81441 16.898 0.010 11  0 C
2451443.85743 16.907 0.012 11  0 E
2451446.88960 16.914 0.013 11  0 C
2451448.78065 16.909 0.012 11  0 C
2451454.82642 16.927 0.013 11  0 F
2451458.81629 16.937 0.011 11  0 D
2451459.84372 16.908 0.010 11  0 D
2451462.75507 16.926 0.011 11  0 D
2451470.79540 16.918 0.009 11  0 C
2451475.79509 16.924 0.010 11  0 A
2451477.67965 16.933 0.011 11  0 B
2451479.72051 16.926 0.011 11  0 C
2451484.73618 16.893 0.011 11  0 C
2451487.76190 16.928 0.009 11  0 A
2451491.69002 16.923 0.011 11  0 C
2451493.84193 16.910 0.010 11  0 B
2451494.73552 16.926 0.011 11  0 B
2451497.79139 16.952 0.010 11  0 B
2451499.69918 16.953 0.012 11  0 C
2451502.69447 16.908 0.011 11  0 C
2451503.84438 16.919 0.010 11  0 B
2451505.73491 16.904 0.011 11  0 A
2451507.80606 16.915 0.012 11  0 B
2451510.78214 16.926 0.010 11  0 A
2451512.74118 16.914 0.012 11  0 C
2451514.85240 16.931 0.012 11  0 D
2451515.70651 16.909 0.011 11  0 B
2451517.73818 16.912 0.008 11  0 A
2451518.84313 16.917 0.009 11  0 A
2451521.69728 16.921 0.010 11  0 C
2451523.64433 16.922 0.015 11  0 F
2451525.74833 16.924 0.009 11  0 A
2451527.74107 16.920 0.009 11  0 A
2451528.82018 16.908 0.009 11 40 B
2451529.68437 16.908 0.011 11  0 E
2451531.80172 16.933 0.009 11  0 B
2451538.75796 16.904 0.010 11  0 B
2451542.68187 16.932 0.010 11  0 B
2451544.72451 16.914 0.009 11  0 B
2451547.79685 16.916 0.010 11  0 C
2451548.77458 16.921 0.011 11  0 E
2451549.79334 16.912 0.009 11  0 A
2451552.69243 16.906 0.009 11  0 A
2451553.76814 16.924 0.010 11  0 A
2451554.78335 16.915 0.008 11  0 A
2451555.77036 16.928 0.010 11  0 B
2451561.56353 16.895 0.011 11  0 C
2451562.76976 16.908 0.010 11  0 B
2451564.65864 16.934 0.010 11  0 D
2451567.61616 16.926 0.010 11  0 B
2451570.58334 16.905 0.009 11  0 B
2451573.62362 16.932 0.010 11  0 D
2451576.60900 16.915 0.010 11  0 A
2451579.67194 16.911 0.009 11  0 B
2451581.72360 16.903 0.012 11  0 F
2451583.72249 16.899 0.011 11  0 B
2451585.65765 16.887 0.011 11  0 D
2451588.60782 16.936 0.011 11  0 C
2451591.68554 16.932 0.013 11  0 E
2451593.58919 16.920 0.010 11  0 A
2451595.70989 16.901 0.011 11 40 B
2451599.68216 16.916 0.011 11  0 B
2451600.69573 16.930 0.013 11  0 D
2451604.54639 16.921 0.010 11  0 B
2451606.52110 16.921 0.010 11  0 C
2451609.62172 16.907 0.010 11  0 B
2451610.58458 16.924 0.011 11  0 C
2451611.65520 16.909 0.011 11  0 E
2451613.56120 16.905 0.010 11  0 D
2451615.50749 16.934 0.009 11 40 A
2451617.50694 16.919 0.009 11  0 A
2451619.52945 16.923 0.012 11  0 C
2451621.50201 16.906 0.011 11  0 B
2451623.50043 16.943 0.012 11 40 B
2451625.50241 16.897 0.011 11  0 B
2451627.50257 16.900 0.010 11  0 B
2451629.54748 16.928 0.010 11  0 B
2451630.55633 16.934 0.013 11  0 E
2451632.50285 16.918 0.010 11  0 A
2451634.54297 16.917 0.010 11  0 B
2451635.61443 16.902 0.011 11  0 C
2451643.53443 16.893 0.012 11  0 E
2451645.49158 16.907 0.012 11  0 C
2451653.54721 16.895 0.012 11  0 A
2451655.52087 16.912 0.012 11  0 A
2451657.51226 16.936 0.013 11  0 D
2451660.53746 16.919 0.011 11  0 D
2451662.48835 16.925 0.011 11  0 B
2451664.50317 16.941 0.011 11  0 B
2451667.55689 16.917 0.011 11  0 B
2451671.48627 16.915 0.012 11  0 B
2451676.49101 16.917 0.013 11  0 C
2451690.49497 16.983 0.016 11  0 D
2451768.91199 16.915 0.011 11  0 C
2451769.84444 16.947 0.011 11  0 D
2451771.87468 16.944 0.014 11  0 D
2451773.89753 16.908 0.009 11  0 A
2451775.91760 16.936 0.011 11  0 B
2451789.89913 16.922 0.008 11  0 A
2451790.86112 16.921 0.009 11  0 B
2451803.89060 16.919 0.011 11  0 D
2451809.81667 16.943 0.008 11  0 A
2451812.83993 16.922 0.009 11  0 A
2451814.85477 16.936 0.009 11  0 A
2451818.84764 16.910 0.011 11  0 D
2451822.84006 16.950 0.010 11  0 E
2451828.86522 16.930 0.010 11  0 B
2451829.83646 16.948 0.011 11  0 B
2451830.84992 16.938 0.011 11  0 A
2451846.86638 16.913 0.010 11  0 A
2451850.79600 16.931 0.010 11  0 D
2451855.83810 16.912 0.009 11  0 B
2451859.76413 16.929 0.010 11 40 B
2451863.74588 16.905 0.010 11  0 B
2451865.80057 16.910 0.009 11  0 A
2451867.76950 16.925 0.009 11  0 A
2451869.74290 16.891 0.009 11  0 C
2451870.77325 16.908 0.010 11  0 B
2451871.85741 16.905 0.010 11  0 A
2451873.81710 16.904 0.009 11  0 A
