2450455.64171 20.887 0.136 11  0 A
2450455.72309 21.178 0.172 11  0 A
2450455.77068 20.743 0.138 11  0 B
2450456.59075 20.473 0.110 11  0 C
2450456.64049 20.618 0.134 11  0 C
2450456.71122 21.835 0.457 11  0 B
2450456.75867 20.615 0.108 11  0 A
2450456.81013 20.537 0.128 11  0 B
2450457.55847 21.135 0.237 11  0 B
2450457.60240 20.670 0.133 11  0 A
2450457.66108 20.760 0.147 11  0 A
2450457.71964 20.860 0.141 11  0 A
2450457.77829 20.670 0.130 11  0 A
2450458.63480 20.689 0.128 11  0 C
2450458.69350 20.666 0.229 11  0 D
2450459.55207 21.105 0.305 11  0 D
2450459.59824 20.900 0.206 11  0 B
2450459.65680 21.010 0.175 11  0 A
2450459.71624 21.255 0.212 11  0 A
2450459.76008 20.409 0.102 11  0 A
2450459.80389 20.804 0.153 11  0 A
2450461.56296 20.727 0.142 11  0 B
2450461.60677 21.033 0.194 11  0 A
2450461.66538 20.874 0.147 11  0 A
2450461.73156 21.056 0.158 11  0 A
2450461.79355 20.571 0.137 11  0 B
2450462.56347 20.917 0.164 11  0 B
2450462.62211 20.670 0.116 11  0 A
2450462.66811 20.671 0.115 11  0 A
2450465.66693 20.682 0.177 11  0 C
2450465.71461 20.859 0.194 11  0 C
2450465.79946 20.863 0.171 11  0 B
2450466.71722 20.725 0.140 11  0 B
2450466.80219 20.538 0.125 11  0 C
2450467.75895 20.786 0.162 11  0 A
2450467.82489 20.765 0.168 11  0 A
2450468.66103 20.756 0.209 11  0 C
2450468.73122 20.359 0.102 11  0 A
2450468.78981 20.859 0.156 11  0 A
2450468.82638 21.085 0.178 11  0 B
2450469.66190 20.565 0.178 11  0 B
2450471.78451 20.532 0.175 11  0 B
2450472.62231 22.069 0.722 11  0 B
2450472.71000 21.027 0.248 11  0 B
2450472.77591 20.229 0.136 11  0 B
2450474.70188 21.407 0.333 11  0 B
2450474.76833 20.738 0.255 11  0 E
2450475.59508 20.883 0.278 11  0 C
2450476.74605 20.901 0.229 11  0 C
2450477.81266 20.470 0.144 11  0 A
2450477.85688 21.100 0.279 11  0 B
2450478.75958 21.135 0.198 11  0 A
2450478.81854 21.300 0.241 11  0 B
2450479.75938 21.271 0.272 11  0 B
2450479.81954 20.647 0.201 11  0 B
2450481.55926 21.092 0.225 11  0 B
2450481.70765 21.135 0.196 11  0 A
2450481.75161 21.558 0.347 11  0 B
2450481.79557 20.819 0.174 11  0 B
2450483.57476 20.845 0.209 11  0 D
2450486.76084 21.462 0.323 11  0 B
2450510.58651 20.899 0.215 11  0 C
2450524.56124 20.555 0.167 11  0 C
2450524.61135 20.331 0.164 11  0 D
2450530.56383 21.309 0.428 11  0 D
2450531.56121 20.771 0.224 11  0 C
2450533.56796 21.080 0.312 11  0 E
2450534.55713 20.668 0.217 11  0 E
2450534.60130 20.822 0.252 11  0 D
2450534.65305 20.584 0.213 11  0 E
2450535.54176 20.625 0.143 11  0 D
2450535.60206 20.129 0.127 11  0 E
2450535.67577 21.006 0.320 11  0 E
2450551.49233 20.563 0.130 11  0 B
2450552.50062 21.118 0.260 11  0 B
2450554.48582 21.285 0.384 11  0 B
2450559.52329 20.417 0.178 11  0 C
2450561.50141 20.752 0.233 11  0 B
2450562.50292 20.745 0.294 11  0 D
2450565.50990 20.808 0.264 11  0 B
2450566.50392 21.216 0.317 11  0 A
2450567.50499 20.638 0.165 11  0 A
2450569.50008 20.657 0.226 11  0 C
2450571.48588 20.330 0.171 11  0 B
2450572.51473 20.523 0.216 11  0 B
2450573.51858 21.000 0.386 11  0 E
2450576.49067 19.914 0.161 11  0 F
2450577.48459 20.737 0.292 11  0 B
2450578.49761 20.774 0.202 11  0 A
2450583.48305 20.477 0.170 11  0 A
2450672.86841 20.551 0.152 11  0 C
2450701.81921 20.895 0.323 11  0 C
2450704.86169 20.356 0.163 11  0 C
2450706.84316 23.791 4.900 11  0 D
2450714.81057 20.588 0.222 11  0 B
2450716.77515 20.805 0.209 11  0 B
2450720.83152 20.377 0.188 11  0 C
2450728.77038 20.928 0.258 11  0 B
2450730.72594 21.304 0.370 11  0 C
2450753.77136 20.647 0.212 11  0 C
2450766.78599 20.900 0.337 11  0 B
2450790.77638 20.646 0.197 11  0 C
2450826.64743 20.738 0.202 11  0 A
2450864.67327 20.834 0.339 11  0 F
2450875.54543 20.856 0.217 11  0 C
2450879.63195 20.484 0.221 11  0 B
2450880.53104 22.822 1.499 11  0 C
2450887.54432 20.979 0.298 11  0 B
2450892.62786 20.772 0.251 11  0 B
2450895.51876 20.430 0.226 11  0 D
2450898.52556 21.007 0.205 11  0 A
2450918.51264 21.320 0.561 11  0 E
2450922.59296 20.108 0.167 11  0 D
2450928.51886 21.072 0.424 11  0 D
2450931.54082 21.782 0.809 11  0 D
2450933.55059 20.661 0.235 11  0 B
2450951.54020 20.669 0.182 11  0 A
2451045.87227 22.617 1.645 11  0 D
2451051.85883 20.346 0.185 11  0 E
2451052.89404 20.421 0.190 11  0 C
2451053.87419 20.896 0.241 11  0 D
2451054.88992 20.416 0.145 11  0 C
2451055.86242 20.216 0.176 11  0 E
2451059.87518 21.119 0.425 11  0 E
2451061.88491 20.650 0.275 11  0 D
2451068.86929 20.598 0.171 11  0 C
2451069.87998 20.503 0.174 11  0 B
2451071.89702 20.619 0.234 11  0 D
2451081.85743 20.574 0.149 11  0 B
2451087.80450 20.761 0.213 11  0 C
2451091.80698 20.397 0.214 11  0 C
2451095.78871 21.136 0.425 11  0 F
2451102.78942 20.551 0.111 11  0 A
2451106.84447 20.638 0.141 11  0 A
2451107.77223 21.353 0.352 11  0 B
2451113.78502 20.606 0.178 11  0 D
2451119.78976 20.704 0.220 11  0 B
2451126.81165 20.739 0.191 11  0 B
2451131.68359 20.932 0.325 11  0 E
2451132.73558 21.276 0.368 11  0 C
2451136.76884 20.399 0.150 11  0 B
2451138.79302 21.244 0.273 11  0 A
2451142.66003 20.718 0.172 11  0 B
2451144.72897 20.614 0.169 11  0 C
2451151.75481 20.720 0.216 11  0 A
2451155.75407 20.683 0.191 11  0 A
2451158.75164 20.840 0.192 11  0 A
2451161.72957 20.719 0.156 11  0 A
2451165.75026 21.301 0.279 11  0 A
2451169.74519 20.258 0.130 11  0 C
2451174.71900 20.520 0.137 11  0 B
2451179.73582 21.067 0.363 11  0 B
2451181.80788 20.768 0.243 11  0 A
2451186.76232 20.695 0.158 11  0 A
2451187.82358 21.121 0.246 11  0 A
2451188.75158 20.789 0.157 11  0 A
2451196.70229 20.515 0.229 11  0 E
2451201.71120 20.463 0.182 11  0 D
2451203.72959 20.753 0.192 11  0 B
2451211.62570 20.923 0.237 11  0 A
2451214.62657 20.658 0.203 11  0 B
2451220.60629 20.755 0.188 11  0 A
2451223.63250 20.639 0.205 11  0 B
2451247.53993 20.357 0.183 11  0 C
2451256.52471 20.700 0.290 11  0 C
2451260.54879 20.854 0.277 11  0 B
2451265.52513 20.551 0.191 11  0 A
2451273.57102 20.680 0.287 11  0 C
2451277.50730 20.696 0.260 11  0 B
2451288.50559 20.525 0.236 11  0 B
2451296.51034 21.808 0.665 11  0 A
2451301.48996 21.514 0.555 11 40 B
2451305.53577 22.028 0.829 11  0 B
2451308.46529 20.515 0.206 11  0 B
2451313.51176 20.531 0.257 11  0 C
2451316.50366 21.044 0.196 11  0 B
2451319.47986 20.944 0.287 11  0 A
2451412.83819 20.443 0.231 11  0 E
2451418.83541 20.515 0.202 11  0 C
2451430.88990 21.228 0.291 11  0 B
2451432.82374 20.837 0.235 11  0 C
2451435.79976 20.635 0.287 11  0 E
2451437.78367 21.008 0.296 11  0 E
2451440.83135 20.593 0.241 11  0 E
2451447.86895 20.553 0.243 11  0 E
2451451.76406 20.548 0.225 11  0 D
2451458.85502 22.164 0.925 11  0 C
2451459.77067 21.143 0.374 11  0 D
2451470.83533 20.574 0.164 11  0 A
2451475.74792 21.032 0.289 11  0 A
2451478.83817 21.814 0.578 11  0 B
2451481.67699 20.655 0.243 11  0 D
2451487.70637 20.745 0.197 11  0 B
2451490.70319 20.643 0.238 11  0 C
2451492.69630 21.365 0.465 11  0 C
2451495.69482 20.529 0.172 11  0 B
2451497.82100 20.496 0.245 11  0 C
2451499.65263 21.133 0.423 11  0 D
2451502.64781 21.443 0.561 11  0 E
2451505.68842 21.048 0.355 11  0 A
2451507.82192 20.805 0.271 11  0 B
2451510.79792 20.884 0.224 11  0 A
2451512.69463 20.946 0.360 11  0 E
2451514.80574 20.754 0.234 11  0 C
2451517.64120 21.829 0.697 11  0 C
2451519.71487 20.666 0.196 11  0 A
2451521.65060 21.442 0.420 11  0 B
2451523.77135 20.924 0.301 11  0 C
2451525.76570 20.661 0.168 11  0 B
2451527.69464 20.746 0.203 11  0 A
2451528.74101 20.727 0.169 11  0 A
2451529.76214 20.880 0.206 11  0 B
2451531.75523 21.380 0.530 11  0 B
2451538.71181 20.313 0.152 11  0 B
2451541.66791 20.891 0.177 11  0 A
2451542.69779 21.472 0.478 11  0 B
2451544.62375 20.810 0.212 11  0 B
2451547.75069 20.685 0.158 11  0 A
2451548.72829 20.704 0.198 11  0 B
2451549.72254 20.742 0.163 11  0 A
2451552.58730 20.907 0.247 11  0 C
2451554.71377 20.539 0.154 11  0 B
2451555.72051 20.322 0.149 11  0 B
2451562.72344 20.315 0.201 11  0 C
2451564.60203 21.746 0.762 11  0 B
2451567.69465 23.006 2.385 11  0 E
2451570.59997 20.359 0.184 11  0 C
2451577.72415 20.597 0.189 11  0 B
2451583.64355 20.775 0.220 11  0 B
2451585.73017 20.519 0.153 11  0 A
2451588.73786 20.652 0.282 11  0 D
2451593.57209 20.176 0.173 11  0 A
2451599.62768 20.994 0.238 11  0 A
2451604.58525 20.583 0.227 11  0 D
2451606.62020 20.645 0.217 11  0 C
2451613.53766 20.529 0.237 11  0 D
2451615.56962 21.506 0.437 11  0 B
2451620.57580 20.311 0.221 11  0 D
2451622.52596 20.316 0.199 11  0 B
2451624.52251 21.668 0.680 11  0 C
2451626.52336 20.235 0.184 11  0 D
2451629.52346 21.153 0.325 11  0 B
2451630.60491 20.263 0.141 11 40 A
2451632.54145 20.511 0.214 11  0 B
2451634.51915 20.332 0.157 11  0 B
2451643.51112 21.347 0.487 11  0 B
2451654.54850 20.527 0.206 11  0 A
2451656.53471 21.205 0.402 11  0 C
2451664.52780 21.657 0.571 11  0 B
2451769.88659 20.229 0.171 11  0 D
2451772.89326 21.479 0.482 11  0 B
2451775.89435 20.571 0.203 11  0 A
2451784.87893 21.073 0.367 11  0 B
2451789.86764 20.926 0.181 11  0 A
2451804.81726 20.590 0.218 11  0 C
2451812.81235 20.903 0.222 11  0 A
2451821.81426 20.814 0.209 11  0 C
2451823.85640 20.524 0.127 11  0 A
2451826.83949 20.527 0.178 11  0 B
2451830.82653 21.392 0.477 11  0 A
2451834.86548 21.500 0.472 11  0 C
2451859.80261 20.449 0.173 11  0 B
2451861.81982 21.954 0.788 11  0 C
2451864.79726 20.968 0.253 11  0 B
2451865.77741 20.405 0.147 11  0 A
2451868.81682 20.699 0.144 11  0 A
2451870.75012 20.532 0.150 11  0 B
2451871.83408 20.611 0.252 11  0 E
2451873.79365 20.638 0.181 11  0 A
