2450455.67070 16.295 0.004 11  0 A
2450455.74494 16.296 0.004 11  0 B
2450455.79250 16.302 0.004 11  0 B
2450456.61261 16.299 0.004 11  0 A
2450456.66234 16.319 0.006 11  0 F
2450456.69512 16.303 0.005 11  0 C
2450456.73313 16.299 0.004 11  0 A
2450456.78053 16.313 0.004 11 40 A
2450456.83196 16.292 0.004 11  0 A
2450457.58030 16.304 0.004 11 40 A
2450457.62425 16.295 0.004 11  0 A
2450457.68287 16.294 0.004 11  0 A
2450457.74147 16.299 0.004 11  0 A
2450457.80011 16.297 0.004 11  0 A
2450457.82960 16.300 0.004 11  0 A
2450458.65668 16.295 0.004 11  0 B
2450458.72575 16.296 0.005 11  0 C
2450459.57390 16.302 0.004 11  0 A
2450459.62006 16.309 0.004 11  0 A
2450459.67864 16.304 0.004 11  0 A
2450459.73807 16.285 0.004 11  0 B
2450459.78193 16.295 0.004 11  0 B
2450459.82574 16.295 0.004 11  0 B
2450461.58482 16.305 0.004 11  0 B
2450461.62856 16.308 0.004 11  0 A
2450461.68725 16.299 0.004 11  0 C
2450461.75340 16.307 0.004 11  0 A
2450461.81540 16.317 0.005 11 40 C
2450462.58534 16.307 0.004 11  0 A
2450462.64396 16.307 0.004 11  0 A
2450462.68993 16.295 0.004 11  0 A
2450465.69201 16.297 0.005 11  0 C
2450465.73648 16.291 0.005 11 40 C
2450465.82123 16.293 0.004 11  0 A
2450466.67250 16.296 0.004 11  0 D
2450466.73906 16.286 0.004 11 40 B
2450466.82404 16.296 0.004 11  0 B
2450467.67617 16.297 0.004 11  0 A
2450467.78077 16.299 0.004 11  0 A
2450467.84670 16.299 0.005 11  0 D
2450468.68707 16.308 0.005 11 40 B
2450468.75301 16.313 0.004 11  0 B
2450468.81163 16.302 0.004 11  0 B
2450468.83365 16.296 0.004 11 40 B
2450469.68376 16.315 0.005 11  0 B
2450469.76188 16.301 0.005 11  0 A
2450469.83083 16.309 0.005 11  0 C
2450470.76247 16.308 0.006 11  0 E
2450470.80956 16.306 0.006 11  0 D
2450471.66958 16.303 0.005 11  0 A
2450471.80636 16.308 0.005 11  0 E
2450472.64423 16.305 0.004 11 40 A
2450472.68801 16.294 0.004 11  0 A
2450472.73180 16.293 0.004 11  0 A
2450472.79772 16.291 0.005 11  0 B
2450472.82723 16.291 0.006 11  0 B
2450474.72375 16.291 0.005 11 40 C
2450475.55811 16.306 0.004 11  0 C
2450475.61689 16.299 0.005 11  0 C
2450475.68299 16.294 0.005 11  0 D
2450475.73514 16.291 0.005 11  0 C
2450476.76915 16.297 0.005 11  0 D
2450477.55484 16.297 0.004 11  0 A
2450477.60617 16.298 0.004 11  0 A
2450477.75362 16.302 0.004 11  0 A
2450477.83446 16.292 0.005 11  0 B
2450478.56100 16.307 0.004 11  0 A
2450478.78140 16.306 0.004 11  0 A
2450478.84033 16.310 0.004 11  0 B
2450479.55982 16.301 0.005 11  0 C
2450479.60369 16.300 0.004 11  0 A
2450479.73747 16.300 0.005 11  0 B
2450479.84129 16.295 0.005 11  0 D
2450480.59589 16.296 0.005 11  0 C
2450480.67703 16.299 0.004 11  0 B
2450480.77062 16.303 0.004 11  0 B
2450480.81473 16.293 0.005 11  0 C
2450481.58107 16.299 0.004 11  0 B
2450481.72945 16.301 0.004 11  0 B
2450481.77342 16.294 0.005 11  0 C
2450481.81737 16.290 0.005 11  0 D
2450482.73030 16.296 0.004 11 40 B
2450482.80820 16.300 0.004 11  0 B
2450483.59656 16.303 0.005 11  0 E
2450483.64101 16.295 0.004 11  0 C
2450483.68489 16.290 0.004 11 40 B
2450483.72886 16.295 0.004 11  0 C
2450483.77277 16.295 0.004 11  0 C
2450483.81670 16.290 0.005 11  0 E
2450484.59524 16.322 0.005 11 40 B
2450484.70391 16.299 0.004 11  0 B
2450484.74827 16.289 0.004 11 40 B
2450484.79229 16.312 0.005 11  0 B
2450485.59888 16.311 0.004 11  0 C
2450485.74582 16.310 0.004 11  0 B
2450485.78994 16.309 0.004 11  0 C
2450486.59541 16.313 0.005 11 40 D
2450486.68175 16.308 0.004 11  0 E
2450486.73747 16.301 0.005 11  0 C
2450486.78265 16.314 0.004 11  0 B
2450487.62237 16.294 0.004 11  0 B
2450487.67062 16.311 0.004 11  0 A
2450487.71844 16.293 0.004 11  0 B
2450487.76254 16.298 0.004 11 40 B
2450487.80673 16.305 0.004 11  0 C
2450488.60789 16.297 0.004 11  0 B
2450488.65179 16.288 0.004 11  0 A
2450488.72067 16.299 0.005 11  0 C
2450488.76466 16.292 0.005 11 40 C
2450488.80873 16.310 0.005 11 40 D
2450489.58358 16.278 0.004 11  0 B
2450489.67258 16.300 0.004 11  0 A
2450489.71648 16.305 0.004 11 40 A
2450489.76042 16.289 0.004 11  0 B
2450490.57683 16.297 0.004 11  0 A
2450490.71399 16.289 0.004 11 40 A
2450490.75811 16.298 0.004 11  0 A
2450490.80210 16.293 0.004 11 40 B
2450491.60133 16.304 0.004 11  0 C
2450491.65315 16.298 0.004 11  0 C
2450491.69728 16.293 0.005 11  0 C
2450491.81070 16.305 0.005 11  0 C
2450492.58551 16.301 0.004 11  0 C
2450492.65984 16.293 0.005 11  0 E
2450493.58855 16.314 0.004 11  0 B
2450493.63302 16.300 0.004 11  0 A
2450494.58328 16.298 0.004 11  0 B
2450494.62721 16.308 0.005 11  0 B
2450494.67140 16.295 0.004 11 40 C
2450494.71573 16.294 0.004 11  0 B
2450494.76071 16.298 0.004 11  0 B
2450495.58607 16.312 0.005 11  0 C
2450495.65970 16.276 0.005 11 40 C
2450495.71319 16.284 0.006 11  0 E
2450496.58144 16.299 0.005 11  0 B
2450496.62622 16.290 0.005 11  0 B
2450496.67031 16.305 0.006 11  0 E
2450496.71523 16.303 0.006 11  0 E
2450498.58053 16.286 0.004 11  0 A
2450498.62456 16.303 0.004 11  0 A
2450499.57549 16.296 0.004 11  0 B
2450499.62118 16.290 0.004 11  0 A
2450500.54471 16.285 0.005 11 40 C
2450500.61817 16.287 0.005 11 40 E
2450500.66312 16.296 0.005 11  0 C
2450501.58237 16.304 0.006 11 40 C
2450507.57080 16.297 0.004 11  0 B
2450507.61598 16.316 0.005 11  0 E
2450507.68780 16.300 0.007 11  0 F
2450509.56665 16.297 0.005 11  0 B
2450509.61378 16.295 0.005 11  0 B
2450510.60828 16.295 0.005 11  0 C
2450510.65385 16.300 0.005 11  0 D
2450510.70143 16.316 0.007 11  0 E
2450511.69374 16.328 0.008 11  0 F
2450512.60042 16.301 0.004 11  0 D
2450512.72305 16.278 0.005 11  0 C
2450513.58073 16.306 0.004 11  0 E
2450514.58895 16.294 0.004 11  0 A
2450514.75523 16.293 0.004 11  0 B
2450515.58310 16.288 0.004 11 40 A
2450515.63784 16.299 0.004 11  0 A
2450516.58941 16.299 0.005 11  0 D
2450517.58739 16.309 0.005 11  0 C
2450517.63723 16.308 0.005 11  0 B
2450517.68721 16.306 0.005 11  0 C
2450517.73335 16.305 0.005 11  0 C
2450518.62474 16.295 0.005 11  0 B
2450518.66998 16.316 0.005 11  0 C
2450518.71907 16.308 0.005 11 40 C
2450519.58535 16.295 0.004 11  0 B
2450519.63200 16.294 0.005 11  0 D
2450519.71440 16.310 0.005 11  0 C
2450521.58168 16.309 0.005 11  0 C
2450521.62678 16.311 0.006 11  0 E
2450521.68957 16.306 0.006 11  0 E
2450523.59091 16.316 0.005 11  0 E
2450523.64372 16.306 0.005 11  0 C
2450524.58334 16.307 0.005 11  0 C
2450524.63331 16.312 0.006 11  0 E
2450527.69548 16.297 0.006 11  0 D
2450530.58562 16.310 0.007 11  0 F
2450531.58303 16.297 0.006 11  0 D
2450532.57251 16.306 0.006 11  0 D
2450533.58974 16.306 0.005 11  0 E
2450534.57897 16.304 0.005 11  0 D
2450534.62305 16.307 0.006 11  0 E
2450534.67482 16.302 0.006 11 40 F
2450535.56353 16.309 0.005 11  0 C
2450535.62383 16.299 0.005 11  0 D
2450536.54269 16.319 0.005 11  0 D
2450536.58786 16.302 0.005 11  0 D
2450536.63840 16.303 0.006 11  0 E
2450537.63748 16.299 0.005 11  0 C
2450538.57700 16.296 0.005 11  0 D
2450539.64498 16.294 0.004 11  0 B
2450540.65071 16.310 0.005 11  0 C
2450541.60129 16.305 0.005 11  0 C
2450542.63271 16.301 0.004 11  0 C
2450543.61565 16.317 0.005 11 40 B
2450543.65270 16.294 0.005 11  0 B
2450544.52436 16.292 0.004 11  0 C
2450544.61294 16.296 0.005 11  0 E
2450544.65818 16.282 0.005 11 40 C
2450551.51410 16.294 0.004 11  0 B
2450552.52556 16.299 0.005 11  0 B
2450553.53092 16.296 0.006 11  0 A
2450554.50762 16.302 0.006 11  0 B
2450554.59307 16.309 0.008 11  0 D
2450555.51395 16.303 0.008 11  0 E
2450557.61453 16.305 0.007 11  0 D
2450558.56130 16.310 0.009 11  0 E
2450559.54514 16.295 0.006 11 40 C
2450560.52316 16.296 0.007 11  0 B
2450561.52318 16.295 0.006 11  0 A
2450562.52474 16.307 0.007 11  0 D
2450564.52594 16.283 0.006 11 40 E
2450565.53172 16.296 0.006 11  0 A
2450566.52570 16.298 0.006 11 40 A
2450567.52679 16.302 0.005 11  0 A
2450568.51204 16.297 0.007 11  0 E
2450569.52181 16.303 0.007 11  0 D
2450571.50767 16.289 0.006 11  0 A
2450572.53793 16.299 0.006 11  0 A
2450574.49985 16.294 0.006 11  0 A
2450575.49845 16.304 0.007 11  0 C
2450577.50742 16.294 0.006 11  0 A
2450578.52096 16.287 0.006 11 40 C
2450582.50313 16.297 0.007 11  0 C
2450583.50588 16.293 0.006 11  0 B
2450672.89134 16.291 0.005 11  0 B
2450689.87533 16.297 0.006 11  0 C
2450699.87655 16.297 0.006 11  0 B
2450701.84216 16.303 0.007 11  0 D
2450704.88467 16.310 0.007 11  0 E
2450706.86608 16.307 0.007 11  0 C
2450714.84193 16.308 0.006 11  0 B
2450716.79813 16.306 0.005 11  0 C
2450720.85446 16.295 0.006 11  0 D
2450728.79329 16.309 0.005 11  0 A
2450729.79333 16.321 0.006 11 40 C
2450730.74887 16.314 0.005 11 40 C
2450733.83989 16.298 0.008 11  0 F
2450741.84310 16.303 0.006 11  0 B
2450745.79796 16.287 0.006 11 40 B
2450747.84633 16.303 0.006 11  0 B
2450753.80020 16.312 0.007 11  0 C
2450759.83476 16.299 0.006 11  0 B
2450766.80888 16.306 0.007 11  0 D
2450772.82802 16.296 0.006 11  0 B
2450775.80973 16.294 0.005 11  0 A
2450779.82838 16.309 0.006 11  0 B
2450787.80477 16.291 0.005 11  0 A
2450789.78879 16.287 0.006 11 40 D
2450790.79926 16.304 0.006 11  0 C
2450795.75690 16.299 0.007 11  0 A
2450797.75656 16.293 0.005 11  0 A
2450798.72854 16.297 0.005 11  0 A
2450805.81342 16.303 0.007 11  0 E
2450816.78444 16.301 0.005 11  0 A
2450817.70369 16.289 0.005 11  0 B
2450819.80335 16.273 0.007 11 40 D
2450822.81757 16.297 0.005 11  0 B
2450824.84681 16.289 0.006 11 40 A
2450826.67031 16.296 0.006 11  0 A
2450829.74089 16.296 0.006 11  0 C
2450832.69711 16.296 0.006 11  0 A
2450836.79593 16.295 0.006 11  0 B
2450840.67530 16.277 0.007 11 40 D
2450843.67574 16.305 0.006 11  0 B
2450854.68716 16.303 0.006 11  0 B
2450856.62037 16.306 0.007 11  0 D
2450858.59293 16.295 0.006 11  0 B
2450864.74302 16.314 0.009 11  0 F
2450875.56826 16.294 0.005 11  0 C
2450880.55382 16.312 0.006 11 40 B
2450887.56713 16.286 0.007 11  0 C
2450892.69545 16.292 0.006 11  0 B
2450895.54155 16.288 0.007 11  0 C
2450898.54844 16.297 0.005 11  0 A
2450918.53664 16.308 0.008 11  0 F
2450922.61577 16.299 0.006 11  0 C
2450928.54173 16.297 0.007 11  0 D
2450933.57340 16.284 0.006 11  0 D
2450947.51304 16.290 0.008 11  0 D
2450952.50690 16.303 0.006 11  0 A
2451045.90150 16.299 0.006 11  0 E
2451051.88172 16.299 0.006 11  0 C
2451052.91696 16.309 0.006 11  0 D
2451053.89719 16.290 0.005 11  0 C
2451054.91286 16.293 0.005 11  0 B
2451055.88535 16.286 0.006 11  0 F
2451059.89812 16.296 0.006 11  0 D
2451061.90788 16.293 0.007 11  0 D
2451069.85531 16.289 0.005 11  0 B
2451076.87725 16.309 0.006 11  0 B
2451087.82746 16.297 0.006 11  0 D
2451091.82997 16.296 0.007 11  0 C
2451102.81237 16.304 0.004 11  0 B
2451106.86740 16.292 0.005 11  0 C
2451107.79518 16.301 0.005 11  0 C
2451113.80795 16.297 0.005 11  0 D
2451119.81267 16.302 0.006 11  0 A
2451128.82093 16.297 0.005 11  0 B
2451131.70649 16.317 0.007 11  0 E
2451132.75852 16.283 0.005 11  0 B
2451136.79183 16.301 0.005 11  0 A
2451138.81826 16.300 0.005 11  0 A
2451142.68295 16.284 0.005 11  0 A
2451144.75186 16.299 0.005 11  0 A
2451151.77772 16.314 0.006 11  0 A
2451155.77703 16.304 0.005 11  0 C
2451158.77452 16.302 0.005 11  0 B
2451161.75245 16.292 0.005 11  0 A
2451165.77318 16.297 0.005 11  0 B
2451169.76805 16.304 0.006 11  0 C
2451174.74188 16.306 0.005 11  0 D
2451179.75870 16.299 0.006 11  0 B
2451181.83079 16.285 0.006 11  0 B
2451186.78519 16.292 0.005 11  0 A
2451187.84645 16.287 0.005 11 40 A
2451192.69232 16.301 0.005 11  0 B
2451196.72521 16.309 0.007 11  0 E
2451201.73408 16.287 0.007 11  0 E
2451203.75389 16.288 0.006 11  0 B
2451207.61078 16.305 0.007 11  0 B
2451211.64854 16.306 0.006 11  0 A
2451214.64944 16.302 0.006 11  0 C
2451217.62428 16.303 0.006 11  0 D
2451220.62912 16.303 0.006 11  0 A
2451223.65535 16.297 0.006 11  0 B
2451225.59630 16.297 0.005 11 40 A
2451227.67679 16.298 0.007 11  0 F
2451231.57271 16.299 0.007 11  0 C
2451234.62094 16.304 0.006 11  0 C
2451236.62845 16.280 0.007 11  0 D
2451240.58090 16.282 0.006 11  0 A
2451242.68260 16.302 0.007 11  0 C
2451244.63222 16.289 0.006 11  0 B
2451247.56281 16.295 0.007 11  0 D
2451256.54750 16.300 0.008 11  0 E
2451260.57303 16.290 0.006 11  0 A
2451265.54796 16.301 0.006 11  0 A
2451274.52587 16.307 0.007 11  0 B
2451277.53015 16.297 0.007 11  0 B
2451281.55862 16.296 0.007 11  0 A
2451288.52838 16.303 0.007 11  0 B
2451290.59580 16.287 0.006 11  0 B
2451296.53314 16.296 0.007 11  0 B
2451298.57105 16.292 0.008 11  0 C
2451301.51282 16.269 0.008 11 40 B
2451305.55859 16.288 0.006 11  0 B
2451308.48811 16.297 0.006 11  0 A
2451313.53463 16.306 0.008 11 40 C
2451316.52648 16.317 0.004 11  0 D
2451319.50277 16.291 0.006 11  0 A
2451329.49658 16.303 0.007 11  0 B
2451330.49610 16.294 0.008 11  0 B
2451335.47248 16.276 0.007 11 40 B
2451342.47130 16.285 0.007 11 40 C
2451412.86113 16.298 0.006 11  0 D
2451418.85835 16.307 0.006 11  0 C
2451430.91290 16.299 0.006 11  0 C
2451432.84672 16.300 0.007 11  0 E
2451435.82274 16.281 0.007 11  0 F
2451437.80664 16.303 0.006 11  0 D
2451440.85429 16.310 0.007 11 40 C
2451446.86635 16.291 0.007 11  0 C
2451447.89188 16.303 0.007 11  0 C
2451451.87614 16.285 0.006 11 40 C
2451455.85498 16.293 0.007 11  0 E
2451459.79363 16.288 0.006 11  0 C
2451462.79792 16.306 0.007 11  0 F
2451470.85826 16.295 0.006 11  0 A
2451475.77090 16.308 0.006 11  0 A
2451478.72627 16.300 0.006 11  0 D
2451481.69990 16.294 0.006 11  0 D
2451484.84935 16.302 0.006 11  0 A
2451487.74629 16.300 0.006 11  0 B
2451490.72615 16.301 0.006 11  0 B
2451492.71927 16.305 0.006 11  0 B
2451495.71775 16.305 0.006 11  0 B
2451499.67553 16.288 0.007 11  0 D
2451502.67079 16.295 0.006 11  0 B
2451505.71138 16.286 0.006 11  0 A
2451507.84481 16.303 0.006 11  0 B
2451510.82081 16.310 0.006 11  0 B
2451512.71758 16.315 0.007 11  0 D
2451514.82868 16.300 0.006 11  0 D
2451517.66413 16.307 0.006 11  0 C
2451519.73777 16.311 0.006 11  0 A
2451521.67351 16.295 0.006 11  0 B
2451523.79426 16.305 0.007 11  0 E
2451525.78864 16.294 0.005 11 40 A
2451527.71757 16.300 0.006 11  0 A
2451528.76394 16.305 0.006 11  0 B
2451529.78500 16.300 0.005 11  0 A
2451531.77815 16.306 0.006 11  0 D
2451538.73467 16.293 0.006 11  0 A
2451541.69077 16.301 0.005 11  0 A
2451542.72065 16.313 0.006 11  0 A
2451544.64667 16.296 0.006 11  0 A
2451547.77359 16.292 0.005 11  0 A
2451548.75119 16.295 0.005 11  0 A
2451549.74545 16.294 0.005 11  0 A
2451552.61020 16.300 0.005 11  0 B
2451554.73667 16.295 0.005 11  0 B
2451555.74336 16.290 0.005 11  0 A
2451562.74632 16.307 0.007 11  0 C
2451564.62492 16.297 0.006 11  0 C
2451567.71747 16.297 0.006 11  0 C
2451570.62281 16.283 0.006 11 40 B
2451574.74950 16.290 0.005 11  0 A
2451577.69918 16.288 0.006 11 40 B
2451580.73524 16.288 0.006 11 40 A
2451583.62061 16.295 0.006 11  0 B
2451586.62088 16.294 0.005 11  0 A
2451589.62543 16.290 0.006 11 40 B
2451592.61719 16.293 0.005 11  0 A
2451595.66309 16.299 0.006 11  0 B
2451599.60279 16.298 0.005 11  0 B
2451601.68077 16.303 0.007 11  0 C
2451604.56231 16.292 0.006 11  0 C
2451606.59717 16.301 0.007 11  0 C
2451609.63853 16.296 0.006 11  0 B
2451610.62366 16.309 0.006 11  0 B
2451613.51468 16.309 0.007 11  0 D
2451615.54663 16.299 0.006 11  0 B
2451617.61802 16.303 0.006 11  0 A
2451619.60165 16.302 0.007 11  0 B
2451620.55284 16.311 0.007 11  0 D
2451622.50300 16.287 0.007 11 40 C
2451624.49955 16.297 0.007 11  0 C
2451626.50040 16.301 0.007 11 40 E
2451627.62150 16.290 0.007 11  0 C
2451629.50055 16.311 0.006 11  0 B
2451630.58194 16.302 0.006 11  0 A
2451632.51848 16.297 0.006 11  0 B
2451634.49620 16.299 0.006 11  0 B
2451643.48811 16.302 0.007 11 40 E
2451646.48709 16.316 0.008 11  0 E
2451654.52555 16.288 0.007 11  0 C
2451656.51174 16.306 0.006 11  0 B
2451659.51920 16.289 0.007 11  0 C
2451661.54315 16.297 0.006 11  0 B
2451663.56842 16.292 0.006 11  0 A
2451667.51008 16.289 0.007 11  0 C
2451670.53182 16.313 0.007 11  0 B
2451673.50229 16.303 0.008 11  0 D
2451681.47220 16.309 0.009 11  0 E
2451691.52011 16.210 0.004 11  0 A
2451694.47667 16.297 0.007 11 40 C
2451769.86375 16.292 0.006 11  0 D
2451771.89058 16.287 0.008 11  0 D
2451772.87044 16.319 0.006 11 40 A
2451775.87152 16.295 0.006 11  0 A
2451784.85609 16.313 0.007 11  0 C
2451789.84481 16.308 0.005 11  0 A
2451804.79444 16.289 0.007 11  0 C
2451808.87500 16.297 0.007 11  0 D
2451812.78954 16.286 0.005 11 40 A
2451816.80090 16.309 0.005 11  0 B
2451821.79146 16.309 0.006 11  0 C
2451823.83357 16.293 0.005 11 40 B
2451826.81665 16.289 0.006 11 40 C
2451829.79031 16.301 0.006 11  0 B
2451830.80363 16.285 0.006 11  0 B
2451834.84260 16.302 0.006 11  0 C
2451845.84005 16.309 0.006 11  0 B
2451851.83742 16.298 0.007 11  0 E
2451859.77974 16.296 0.006 11 40 A
2451861.79695 16.309 0.006 11  0 B
2451864.77438 16.293 0.005 11  0 A
2451865.75460 16.301 0.005 11  0 A
2451867.80836 16.301 0.005 11  0 A
2451868.79395 16.306 0.005 11  0 A
2451870.72723 16.298 0.005 11  0 B
2451871.81124 16.306 0.005 11  0 A
2451873.77078 16.291 0.005 11  0 B
