2450455.67070 19.494 0.036 11  0 A
2450455.74494 19.547 0.044 11  0 B
2450455.79250 19.648 0.050 11  0 B
2450456.61261 19.744 0.047 11  0 A
2450456.66234 19.668 0.086 11  0 F
2450456.69512 19.571 0.057 11  0 C
2450456.73313 19.511 0.044 11  0 A
2450456.78053 19.552 0.041 11  0 A
2450456.83196 19.509 0.045 11  0 A
2450457.58030 19.537 0.044 11  0 A
2450457.62425 19.480 0.043 11  0 A
2450457.68287 19.525 0.044 11  0 A
2450457.74147 19.515 0.051 11  0 A
2450457.80011 19.567 0.050 11  0 A
2450457.82960 19.555 0.055 11  0 A
2450458.65668 19.494 0.048 11  0 B
2450458.72575 19.564 0.057 11  0 C
2450459.57390 19.396 0.046 11  0 A
2450459.62006 19.536 0.047 11  0 A
2450459.67864 19.648 0.054 11  0 A
2450459.73807 19.478 0.045 11  0 B
2450459.78193 19.547 0.052 11  0 B
2450459.82574 19.479 0.047 11  0 B
2450461.58482 19.482 0.044 11  0 B
2450461.62856 19.567 0.049 11  0 A
2450461.68725 19.618 0.048 11  0 C
2450461.75340 19.678 0.048 11  0 A
2450461.81540 19.518 0.059 11  0 C
2450462.58534 19.568 0.042 11  0 A
2450462.64396 19.483 0.037 11  0 A
2450462.68993 19.487 0.047 11  0 A
2450465.69201 19.469 0.054 11  0 C
2450465.73648 19.473 0.059 11  0 C
2450465.82123 19.628 0.053 11  0 A
2450466.67250 19.550 0.053 11  0 D
2450466.73906 19.530 0.045 11  0 B
2450466.82404 19.705 0.060 11  0 B
2450467.67617 19.542 0.049 11  0 A
2450467.78077 19.637 0.050 11  0 A
2450467.84670 19.755 0.081 11  0 D
2450468.68707 19.723 0.064 11  0 B
2450468.75301 19.588 0.053 11  0 B
2450468.81163 19.571 0.047 11  0 B
2450468.83365 19.607 0.045 11  0 B
2450469.68376 19.756 0.070 11  0 B
2450469.76188 19.682 0.066 11  0 A
2450469.83083 19.422 0.066 11  0 C
2450470.76247 19.549 0.083 11  0 E
2450470.80956 19.575 0.082 11  0 D
2450471.66958 19.537 0.054 11  0 A
2450471.80636 19.485 0.072 11  0 E
2450472.64423 19.598 0.052 11  0 A
2450472.68801 19.553 0.048 11  0 A
2450472.73180 19.610 0.064 11  0 A
2450472.79772 19.558 0.077 11  0 B
2450472.82723 19.343 0.069 11  0 B
2450474.72375 19.540 0.062 11  0 C
2450475.55811 19.543 0.051 11  0 C
2450475.61689 19.724 0.069 11 40 C
2450475.68299 19.572 0.073 11  0 D
2450475.73514 19.691 0.084 11  0 C
2450476.76915 19.571 0.073 11  0 D
2450477.55484 19.563 0.045 11  0 A
2450477.60617 19.576 0.045 11  0 A
2450477.75362 19.601 0.053 11  0 A
2450477.83446 19.584 0.064 11  0 B
2450478.56100 19.582 0.049 11  0 A
2450478.78140 19.746 0.059 11  0 A
2450478.84033 19.583 0.056 11  0 B
2450479.55982 19.505 0.051 11  0 C
2450479.60369 19.592 0.045 11  0 A
2450479.73747 19.636 0.069 11  0 B
2450479.84129 19.534 0.074 11  0 D
2450480.59589 19.701 0.065 11  0 C
2450480.67703 19.568 0.045 11  0 B
2450480.77062 19.625 0.052 11  0 B
2450480.81473 19.478 0.055 11  0 C
2450481.58107 19.778 0.062 11  0 B
2450481.72945 19.621 0.056 11  0 B
2450481.77342 19.412 0.048 11  0 C
2450481.81737 19.459 0.056 11  0 D
2450482.73030 19.640 0.054 11  0 B
2450482.80820 19.570 0.052 11  0 B
2450483.59656 19.500 0.066 11  0 E
2450483.64101 19.653 0.057 11  0 C
2450483.68489 19.714 0.054 11  0 B
2450483.72886 19.488 0.049 11  0 C
2450483.77277 19.458 0.048 11  0 C
2450483.81670 19.565 0.071 11  0 E
2450484.59524 19.534 0.060 11  0 B
2450484.70391 19.439 0.049 11  0 B
2450484.74827 19.612 0.051 11  0 B
2450484.79229 19.587 0.058 11  0 B
2450485.59888 19.729 0.058 11  0 C
2450485.74582 19.539 0.051 11  0 B
2450485.78994 19.554 0.053 11  0 C
2450486.59541 19.444 0.052 11  0 D
2450486.68175 19.509 0.048 11  0 E
2450486.73747 19.576 0.057 11  0 C
2450486.78265 19.785 0.065 11  0 B
2450487.62237 19.696 0.048 11  0 B
2450487.67062 19.516 0.040 11  0 A
2450487.71844 19.518 0.042 11  0 B
2450487.76254 19.557 0.048 11  0 B
2450487.80673 19.413 0.042 11  0 C
2450488.60789 19.533 0.045 11  0 B
2450488.65179 19.735 0.052 11  0 A
2450488.72067 19.656 0.061 11  0 C
2450488.76466 19.717 0.067 11  0 C
2450488.80873 19.702 0.075 11  0 D
2450489.58358 19.619 0.046 11  0 B
2450489.67258 19.459 0.039 11  0 A
2450489.71648 19.684 0.051 11  0 A
2450489.76042 19.373 0.046 11 40 B
2450490.57683 19.493 0.036 11  0 A
2450490.71399 19.719 0.057 11  0 A
2450490.75811 19.489 0.051 11  0 A
2450490.80210 19.653 0.053 11  0 B
2450491.60133 19.683 0.057 11  0 C
2450491.65315 19.761 0.061 11  0 C
2450491.69728 19.499 0.054 11  0 C
2450491.81070 19.681 0.067 11  0 C
2450492.58551 19.603 0.056 11  0 C
2450492.65984 19.452 0.052 11  0 E
2450493.58855 19.813 0.067 11  0 B
2450493.63302 19.558 0.051 11  0 A
2450494.58328 19.513 0.048 11  0 B
2450494.62721 19.602 0.058 11  0 B
2450494.67140 19.612 0.060 11  0 C
2450494.71573 19.680 0.065 11  0 B
2450494.76071 19.491 0.049 11  0 B
2450495.58607 19.608 0.064 11  0 C
2450495.65970 19.564 0.070 11  0 C
2450495.71319 19.613 0.094 11  0 E
2450496.58144 19.639 0.069 11  0 B
2450496.62622 19.619 0.067 11  0 B
2450496.67031 19.550 0.078 11  0 E
2450496.71523 19.584 0.100 11  0 E
2450498.58053 19.543 0.054 11  0 A
2450498.62456 19.511 0.049 11  0 A
2450498.73830 19.554 0.064 11  0 A
2450498.78227 19.569 0.069 11  0 B
2450499.57549 19.551 0.057 11  0 B
2450499.62118 19.558 0.050 11  0 A
2450499.76148 19.548 0.067 11  0 C
2450500.54471 19.686 0.083 11  0 C
2450500.61817 19.703 0.092 11  0 E
2450500.66312 19.511 0.067 11  0 C
2450500.71423 19.377 0.062 11  0 B
2450500.75868 19.598 0.086 11  0 C
2450501.58237 19.633 0.087 11  0 C
2450501.70112 19.540 0.082 11  0 B
2450507.57080 19.673 0.055 11  0 B
2450507.61598 19.794 0.075 11  0 E
2450507.68780 19.748 0.116 11  0 F
2450509.56665 19.539 0.058 11  0 B
2450509.61378 19.660 0.068 11  0 B
2450509.66611 19.628 0.075 11  0 C
2450510.60828 19.735 0.072 11  0 C
2450510.65385 19.669 0.074 11  0 D
2450510.70143 19.504 0.081 11  0 E
2450512.60042 19.464 0.052 11  0 D
2450512.64872 19.452 0.075 11  0 F
2450512.72305 19.598 0.058 11  0 C
2450513.58073 19.548 0.052 11  0 E
2450513.62629 19.604 0.048 11  0 A
2450513.71800 19.695 0.056 11  0 A
2450514.58895 19.527 0.044 11  0 A
2450514.65803 19.634 0.065 11  0 C
2450514.70837 19.550 0.058 11  0 B
2450514.75523 19.542 0.050 11  0 B
2450515.58310 19.587 0.049 11  0 A
2450515.63784 19.593 0.053 11  0 A
2450515.68608 19.629 0.062 11  0 B
2450516.58941 19.502 0.068 11  0 D
2450516.64360 19.487 0.059 11  0 C
2450516.69058 19.556 0.056 11  0 B
2450516.73707 19.592 0.069 11  0 C
2450517.58739 19.561 0.065 11  0 C
2450517.63723 19.542 0.061 11  0 B
2450517.68721 19.569 0.068 11  0 C
2450517.73335 19.483 0.062 11  0 C
2450518.62474 19.443 0.055 11  0 B
2450518.66998 19.636 0.071 11  0 C
2450518.71907 19.600 0.079 11  0 C
2450519.58535 19.667 0.050 11  0 B
2450519.63200 19.549 0.059 11  0 D
2450519.71440 19.330 0.054 11  0 C
2450520.72616 19.787 0.084 11  0 D
2450521.58168 19.462 0.058 11  0 C
2450521.62678 19.591 0.075 11  0 E
2450521.68957 19.752 0.092 11  0 E
2450523.59091 19.458 0.061 11  0 E
2450523.64372 19.704 0.069 11  0 C
2450523.69362 19.781 0.086 11  0 F
2450524.58334 19.445 0.061 11  0 C
2450524.63331 19.481 0.073 11  0 E
2450526.57031 20.015 0.126 11  0 F
2450527.69548 19.668 0.095 11  0 D
2450530.58562 19.811 0.130 11  0 F
2450531.58303 19.356 0.068 11  0 D
2450532.57251 19.960 0.120 11  0 D
2450533.58974 19.440 0.067 11  0 E
2450534.57897 19.515 0.075 11  0 D
2450534.62305 19.428 0.074 11  0 E
2450534.67482 19.536 0.090 11  0 F
2450535.56353 19.558 0.057 11  0 C
2450535.62383 19.719 0.076 11  0 D
2450536.54269 19.539 0.063 11  0 D
2450536.58786 19.709 0.078 11  0 D
2450536.63840 19.521 0.084 11  0 E
2450537.53728 19.574 0.051 11  0 C
2450537.63748 19.306 0.051 11  0 C
2450538.52526 19.720 0.082 11  0 D
2450538.57700 19.597 0.060 11  0 D
2450539.53390 19.555 0.065 11  0 B
2450539.64498 19.481 0.052 11  0 B
2450540.65071 19.480 0.063 11  0 C
2450541.54427 19.541 0.050 11  0 C
2450541.60129 19.587 0.054 11  0 C
2450542.53337 19.564 0.051 11  0 B
2450542.58524 19.670 0.057 11  0 C
2450542.63271 19.626 0.056 11  0 C
2450543.57160 19.445 0.047 11  0 B
2450543.61565 19.625 0.063 11  0 B
2450543.65270 19.399 0.051 11  0 B
2450544.52436 19.448 0.048 11  0 C
2450544.56867 19.429 0.048 11  0 C
2450544.61294 19.821 0.075 11  0 E
2450544.65818 19.702 0.072 11  0 C
2450551.51410 19.706 0.056 11  0 B
2450552.52556 19.624 0.066 11  0 B
2450553.53092 19.488 0.071 11  0 A
2450554.50762 19.560 0.076 11  0 B
2450554.59307 19.752 0.138 11  0 D
2450557.61453 19.602 0.102 11  0 D
2450559.54514 19.418 0.073 11  0 C
2450560.52316 19.544 0.108 11  0 B
2450561.52318 19.615 0.092 11  0 A
2450562.52474 19.724 0.109 11  0 D
2450564.52594 19.526 0.085 11  0 E
2450565.53172 19.720 0.094 11  0 A
2450566.52570 19.517 0.066 11  0 A
2450567.52679 19.474 0.057 11  0 A
2450568.51204 19.555 0.101 11  0 E
2450569.52181 19.645 0.091 11  0 D
2450571.50767 19.564 0.076 11  0 A
2450572.53793 19.481 0.070 11  0 A
2450574.49985 19.649 0.073 11  0 A
2450575.49845 19.456 0.094 11  0 C
2450577.50742 19.630 0.074 11  0 A
2450578.52096 19.601 0.071 11  0 C
2450582.50313 19.293 0.078 11  0 C
2450583.50588 19.599 0.080 11  0 B
2450672.89134 19.514 0.058 11  0 B
2450689.87533 19.580 0.066 11  0 C
2450699.87655 19.603 0.071 11  0 B
2450701.84216 19.515 0.098 11  0 D
2450704.88467 19.369 0.071 11  0 E
2450706.86608 19.463 0.082 11  0 C
2450714.84193 19.614 0.063 11  0 B
2450716.79813 19.512 0.059 11  0 C
2450720.85446 19.538 0.075 11  0 D
2450728.79329 19.676 0.060 11  0 A
2450729.79333 19.683 0.083 11  0 C
2450730.74887 19.530 0.058 11  0 C
2450733.83989 19.671 0.116 11  0 F
2450741.84310 19.535 0.067 11  0 B
2450745.79796 19.589 0.065 11  0 B
2450747.84633 19.564 0.068 11  0 B
2450753.80020 19.528 0.079 11  0 C
2450759.83476 19.547 0.064 11  0 B
2450766.80888 19.613 0.111 11  0 D
2450772.82802 19.558 0.068 11  0 B
2450775.80973 19.667 0.064 11 40 A
2450779.82838 19.579 0.066 11  0 B
2450787.80477 19.659 0.069 11  0 A
2450789.78879 19.561 0.077 11  0 D
2450790.79926 19.749 0.090 11  0 C
2450795.75690 19.629 0.074 11  0 A
2450796.82879 19.556 0.073 11  0 A
2450797.75656 19.632 0.068 11  0 A
2450798.72854 19.574 0.058 11  0 A
2450805.81342 19.508 0.092 11  0 E
2450816.78444 19.500 0.062 11  0 A
2450817.70369 19.530 0.059 11  0 B
2450819.80335 19.430 0.089 11  0 D
2450822.81757 19.678 0.064 11  0 B
2450824.84681 19.457 0.066 11  0 A
2450826.67031 19.507 0.074 11  0 A
2450829.74089 19.370 0.072 11  0 C
2450832.69711 19.515 0.066 11  0 A
2450836.79593 19.735 0.105 11  0 B
2450840.67530 19.399 0.085 11  0 D
2450843.67574 19.630 0.069 11  0 B
2450850.64933 19.576 0.073 11  0 C
2450854.68716 19.521 0.083 11  0 B
2450855.65405 19.373 0.096 11  0 D
2450856.62037 19.777 0.112 11  0 D
2450858.59293 19.353 0.062 11  0 B
2450875.56826 19.733 0.078 11  0 C
2450880.55382 19.479 0.061 11  0 B
2450887.56713 19.652 0.108 11  0 C
2450892.69545 19.727 0.091 11  0 B
2450895.54155 19.841 0.123 11  0 C
2450898.54844 19.735 0.063 11 40 A
2450922.61577 19.578 0.081 11  0 C
2450928.54173 19.533 0.100 11  0 D
2450933.57340 19.581 0.088 11  0 D
2450952.50690 19.530 0.076 11  0 A
2451045.90150 19.637 0.095 11  0 E
2451051.88172 19.789 0.096 11  0 C
2451052.91696 19.369 0.076 11  0 D
2451053.89719 19.530 0.058 11  0 C
2451054.91286 19.596 0.068 11  0 B
2451055.88535 19.236 0.069 11  0 F
2451059.89812 19.760 0.108 11  0 D
2451061.90788 19.763 0.123 11  0 D
2451069.85531 19.600 0.072 11  0 B
2451076.87725 19.378 0.063 11  0 B
2451087.82746 19.934 0.099 11  0 D
2451091.82997 19.846 0.138 11  0 C
2451102.81237 19.649 0.047 11  0 B
2451106.86740 19.622 0.064 11  0 C
2451107.79518 19.585 0.069 11  0 C
2451113.80795 19.556 0.069 11  0 D
2451119.81267 19.520 0.073 11  0 A
2451128.82093 19.704 0.077 11  0 B
2451131.70649 19.409 0.089 11  0 E
2451132.75852 19.739 0.076 11  0 B
2451136.79183 19.547 0.063 11  0 A
2451138.81826 19.749 0.077 11  0 A
2451142.68295 19.638 0.056 11  0 A
2451144.75186 19.558 0.064 11  0 A
2451151.77772 19.672 0.076 11  0 A
2451155.77703 19.695 0.074 11  0 C
2451158.77452 19.590 0.071 11  0 B
2451161.75245 19.479 0.052 11  0 A
2451165.77318 19.648 0.065 11  0 B
2451169.76805 19.868 0.098 11 40 C
2451174.74188 19.642 0.060 11  0 D
2451179.75870 19.474 0.079 11  0 B
2451181.83079 19.737 0.102 11  0 B
2451186.78519 19.411 0.050 11  0 A
2451187.84645 19.547 0.061 11  0 A
2451192.69232 19.462 0.055 11  0 B
2451196.72521 19.620 0.094 11  0 E
2451201.73408 19.627 0.090 11  0 E
2451203.75389 19.628 0.069 11  0 B
2451207.61078 19.675 0.094 11  0 B
2451211.64854 19.598 0.073 11  0 A
2451214.64944 19.484 0.078 11  0 C
2451217.62428 19.596 0.074 11  0 D
2451220.62912 19.604 0.069 11  0 A
2451223.65535 19.788 0.083 11  0 B
2451225.59630 19.606 0.061 11 40 A
2451227.67679 19.544 0.090 11  0 F
2451231.57271 19.535 0.082 11  0 C
2451234.62094 19.705 0.092 11  0 C
2451236.62845 19.584 0.112 11  0 D
2451240.58090 19.614 0.074 11  0 A
2451242.68260 19.619 0.099 11  0 C
2451244.63222 19.607 0.080 11  0 B
2451247.56281 19.384 0.075 11  0 D
2451256.54750 19.492 0.105 11  0 E
2451260.57303 19.654 0.075 11  0 A
2451265.54796 19.578 0.073 11  0 A
2451274.52587 19.527 0.095 11  0 B
2451277.53015 19.651 0.091 11  0 B
2451281.55862 19.560 0.095 11  0 A
2451288.52838 19.556 0.096 11  0 B
2451290.59580 19.575 0.087 11  0 B
2451296.53314 19.747 0.119 11  0 B
2451301.51282 19.557 0.114 11  0 B
2451305.55859 19.644 0.095 11  0 B
2451308.48811 19.594 0.084 11  0 A
2451313.53463 19.350 0.095 11  0 C
2451316.52648 19.470 0.047 11  0 D
2451319.50277 19.534 0.073 11  0 A
2451329.49658 19.803 0.134 11  0 B
2451335.47248 19.621 0.096 11  0 B
2451342.47130 19.621 0.101 11  0 C
2451412.86113 19.460 0.074 11  0 D
2451418.85835 19.621 0.084 11 40 C
2451430.91290 19.427 0.071 11  0 C
2451432.84672 19.432 0.085 11  0 E
2451435.82274 19.595 0.105 11  0 F
2451437.80664 19.522 0.079 11  0 D
2451440.85429 19.650 0.100 11  0 C
2451446.86635 19.754 0.123 11  0 C
2451447.89188 19.466 0.094 11  0 C
2451451.87614 19.673 0.093 11  0 C
2451455.85498 19.808 0.133 11  0 E
2451459.79363 19.673 0.086 11  0 C
2451462.79792 19.522 0.084 11  0 F
2451470.85826 19.628 0.075 11  0 A
2451475.77090 19.585 0.079 11  0 A
2451478.72627 19.601 0.089 11  0 D
2451481.69990 19.470 0.078 11  0 D
2451484.84935 19.629 0.073 11  0 A
2451487.74629 19.690 0.073 11  0 B
2451490.72615 19.598 0.085 11  0 B
2451492.71927 19.667 0.082 11  0 B
2451495.71775 19.552 0.070 11  0 B
2451499.67553 19.579 0.095 11  0 D
2451502.67079 19.871 0.117 11  0 B
2451505.71138 19.459 0.077 11  0 A
2451507.84481 19.522 0.075 11  0 B
2451510.82081 19.755 0.083 11  0 B
2451512.71758 19.627 0.102 11  0 D
2451514.82868 19.698 0.087 11  0 D
2451517.66413 19.582 0.077 11  0 C
2451519.73777 19.660 0.072 11  0 A
2451521.67351 19.739 0.082 11  0 B
2451523.79426 19.482 0.088 11  0 E
2451525.78864 19.566 0.058 11  0 A
2451527.71757 19.516 0.059 11  0 A
2451528.76394 19.688 0.074 11  0 B
2451529.78500 19.619 0.065 11  0 A
2451531.77815 19.799 0.091 11  0 D
2451538.73467 19.546 0.066 11  0 A
2451541.69077 19.532 0.046 11  0 A
2451542.72065 19.647 0.076 11  0 A
2451544.64667 19.667 0.073 11  0 A
2451547.77359 19.701 0.066 11  0 A
2451548.75119 19.594 0.064 11  0 A
2451549.74545 19.560 0.051 11  0 A
2451552.61020 19.418 0.053 11  0 B
2451554.73667 19.563 0.054 11  0 B
2451555.74336 19.541 0.057 11  0 A
2451562.74632 19.560 0.099 11  0 C
2451564.62492 19.500 0.084 11  0 C
2451567.71747 19.593 0.087 11  0 C
2451570.62281 19.669 0.074 11  0 B
2451574.74950 19.551 0.058 11  0 A
2451577.69918 19.604 0.066 11  0 B
2451580.73524 19.537 0.069 11  0 A
2451583.62061 19.510 0.064 11  0 B
2451586.62088 19.559 0.062 11  0 A
2451589.62543 19.622 0.084 11  0 B
2451592.61719 19.533 0.063 11  0 A
2451595.66309 19.487 0.077 11  0 B
2451599.60279 19.593 0.065 11  0 B
2451601.68077 19.404 0.079 11 40 C
2451604.56231 19.486 0.075 11  0 C
2451606.59717 19.726 0.100 11  0 C
2451609.63853 19.499 0.069 11  0 B
2451610.62366 19.576 0.071 11  0 B
2451613.51468 19.676 0.095 11  0 D
2451615.54663 19.545 0.073 11  0 B
2451617.61802 19.506 0.064 11  0 A
2451619.60165 19.314 0.077 11 40 B
2451620.55284 19.801 0.128 11  0 D
2451622.50300 19.256 0.082 11 40 C
2451624.49955 19.487 0.092 11  0 C
2451626.50040 19.494 0.092 11  0 E
2451627.62150 19.553 0.101 11  0 C
2451629.50055 19.512 0.076 11  0 B
2451630.58194 19.620 0.079 11  0 A
2451632.51848 19.531 0.073 11  0 B
2451634.49620 19.794 0.086 11  0 B
2451643.48811 19.482 0.096 11  0 E
2451646.48709 19.481 0.102 11  0 E
2451654.52555 19.463 0.098 11  0 C
2451656.51174 19.619 0.076 11  0 B
2451659.51920 19.432 0.092 11  0 C
2451661.54315 19.713 0.102 11  0 B
2451663.56842 19.566 0.075 11  0 A
2451667.51008 19.725 0.125 11  0 C
2451670.53182 19.471 0.085 11  0 B
2451673.50229 20.052 0.173 11  0 D
2451691.52011 18.517 0.032 11  0 A
2451694.47667 19.521 0.102 11  0 C
2451769.86375 19.609 0.087 11  0 D
2451772.87044 19.586 0.071 11  0 A
2451775.87152 19.562 0.079 11  0 A
2451784.85609 19.716 0.116 11  0 C
2451789.84481 19.703 0.054 11  0 A
2451804.79444 19.628 0.101 11  0 C
2451808.87500 19.598 0.093 11  0 D
2451812.78954 19.642 0.071 11  0 A
2451816.80090 19.568 0.062 11  0 B
2451821.79146 19.519 0.067 11  0 C
2451823.83357 19.526 0.060 11  0 B
2451826.81665 19.404 0.072 11  0 C
2451829.79031 19.546 0.094 11  0 B
2451830.80363 19.600 0.094 11  0 B
2451834.84260 19.386 0.077 11  0 C
2451845.84005 19.547 0.066 11  0 B
2451851.83742 19.468 0.088 11  0 E
2451859.77974 19.558 0.072 11  0 A
2451861.79695 19.609 0.071 11  0 B
2451864.77438 19.437 0.052 11  0 A
2451865.75460 19.441 0.054 11 40 A
2451867.80836 19.582 0.063 11  0 A
2451868.79395 19.600 0.055 11  0 A
2451870.72723 19.552 0.060 11  0 B
2451871.81124 19.513 0.051 11  0 A
2451873.77078 19.560 0.062 11  0 B
