2450465.77691 19.592 0.068 11  0 B
2450465.83598 19.466 0.054 11  0 A
2450466.68753 19.568 0.054 11  0 B
2450467.79540 19.482 0.055 11  0 A
2450468.70180 19.516 0.048 11  0 A
2450469.70183 19.535 0.057 11  0 A
2450470.71268 19.479 0.073 11  0 C
2450471.82163 19.813 0.126 11  0 D
2450472.74652 19.445 0.065 11  0 A
2450473.65832 19.636 0.096 11  0 C
2450474.73876 19.590 0.072 11  0 B
2450475.63153 19.730 0.090 11  0 C
2450475.69763 19.840 0.122 11  0 D
2450476.78378 19.608 0.082 11  0 C
2450477.76843 19.677 0.068 11  0 A
2450478.57569 19.555 0.053 11  0 A
2450479.77413 19.458 0.062 11  0 B
2450480.61078 19.480 0.051 11  0 C
2450481.59588 19.570 0.059 11  0 B
2450482.75688 19.650 0.056 11  0 B
2450483.54461 19.756 0.082 11  0 C
2450484.54250 19.454 0.080 11  0 C
2450485.54704 19.526 0.050 11  0 B
2450486.53859 19.746 0.064 11  0 B
2450487.56627 19.502 0.054 11  0 D
2450488.53087 19.762 0.075 11  0 D
2450488.66922 19.574 0.051 11  0 B
2450489.60099 19.502 0.043 11  0 C
2450489.62117 19.531 0.047 11  0 B
2450490.59163 19.582 0.041 11  0 A
2450491.54978 19.542 0.051 11  0 B
2450492.53406 19.493 0.059 11  0 B
2450492.60843 19.535 0.074 11  0 E
2450493.53712 19.514 0.047 11  0 A
2450494.53194 19.527 0.051 11  0 B
2450495.53427 19.464 0.071 11  0 C
2450496.52976 19.315 0.054 11  0 B
2450496.74588 19.795 0.143 11  0 E
2450498.52854 19.565 0.068 11  0 B
2450499.52403 19.467 0.057 11  0 B
2450500.51522 19.709 0.092 11  0 B
2450501.51578 19.598 0.089 11  0 C
2450507.63333 19.641 0.098 11  0 E
2450508.51949 19.222 0.087 11  0 F
2450508.58622 19.418 0.078 11  0 E
2450510.52415 19.702 0.088 11  0 D
2450511.63374 19.553 0.082 11  0 E
2450512.67111 19.769 0.091 11  0 C
2450513.66302 19.513 0.057 11  0 A
2450514.53614 19.373 0.069 11 40 E
2450515.52781 19.682 0.072 11  0 C
2450516.53134 19.367 0.073 11  0 D
2450517.53282 19.575 0.077 11  0 C
2450518.57161 19.558 0.051 11  0 B
2450519.52223 19.563 0.057 11  0 D
2450520.68903 19.677 0.073 11 40 C
2450521.52310 19.532 0.077 11  0 E
2450523.53493 19.603 0.055 11  0 D
2450524.51395 19.679 0.093 11  0 D
2450526.51735 19.607 0.081 11  0 D
2450526.61847 19.474 0.078 11  0 E
2450527.51471 19.603 0.066 11  0 C
2450528.57412 19.475 0.081 11  0 E
2450530.60273 19.597 0.109 11  0 E
2450531.52964 19.347 0.072 11  0 C
2450532.51505 19.433 0.074 11  0 D
2450533.51857 19.567 0.079 11  0 D
2450534.52586 19.662 0.088 11  0 E
2450535.64037 19.397 0.091 11  0 E
2450536.67560 19.534 0.086 11  0 D
2450552.62374 19.515 0.073 11  0 B
2450553.47945 19.595 0.106 11  0 C
2450554.53823 19.600 0.104 11  0 B
2450561.53867 19.451 0.092 11  0 B
2450566.47429 19.616 0.088 11  0 A
2450567.47505 19.591 0.080 11  0 A
2450569.46952 19.562 0.122 11  0 D
2450571.52302 19.540 0.086 11  0 B
2450572.47923 19.644 0.109 11  0 D
2450573.48681 19.453 0.116 11  0 E
2450574.51559 19.570 0.073 11  0 A
2450673.84125 19.661 0.066 11  0 B
2450699.81455 19.456 0.081 11  0 D
2450701.85941 19.579 0.092 11  0 C
2450704.80331 19.687 0.093 11  0 D
2450712.87903 19.521 0.077 11  0 A
2450715.84439 19.489 0.070 11  0 B
2450720.79922 21.207 0.514 11  0 E
2450726.86442 19.639 0.068 11  0 A
2450728.82857 19.536 0.066 11  0 A
2450729.81090 19.435 0.073 11  0 C
2450733.86320 19.455 0.094 11  0 D
2450742.80370 19.493 0.084 11  0 B
2450745.73518 19.605 0.074 11  0 B
2450747.79197 19.571 0.064 11  0 A
2450748.74674 19.633 0.086 11  0 D
2450750.83957 19.553 0.088 11  0 C
2450751.73216 19.541 0.103 11  0 C
2450755.69063 19.651 0.116 11  0 D
2450759.75991 19.643 0.077 11  0 C
2450760.81206 19.595 0.074 11  0 B
2450763.80804 19.644 0.110 11  0 C
2450769.84445 19.557 0.088 11  0 A
2450773.83302 19.486 0.081 11  0 B
2450778.78597 19.604 0.115 11  0 D
2450780.81679 19.600 0.078 11  0 B
2450782.82152 19.570 0.079 11  0 B
2450787.82454 19.682 0.080 11  0 A
2450792.75851 19.618 0.110 11  0 C
2450796.77440 19.492 0.080 11  0 A
2450798.79159 19.425 0.072 11  0 A
2450816.80010 19.496 0.072 11  0 B
2450817.78954 19.487 0.075 11  0 B
2450822.74762 19.537 0.063 11  0 A
2450826.61586 19.397 0.072 11  0 A
2450827.72657 19.691 0.080 11  0 A
2450830.80677 19.446 0.086 11  0 C
2450831.65201 19.481 0.079 11  0 D
2450832.78296 19.618 0.086 11  0 A
2450833.68442 19.572 0.059 11  0 A
2450834.77544 19.865 0.160 11  0 C
2450837.78138 19.601 0.058 11  0 A
2450839.60709 19.495 0.065 11  0 C
2450841.79043 19.499 0.089 11  0 C
2450843.71344 19.536 0.062 11  0 D
2450844.66259 19.688 0.094 11  0 C
2450850.68340 19.490 0.087 11  0 C
2450854.70542 19.743 0.116 11  0 B
2450855.75188 19.527 0.119 11  0 B
2450856.70465 19.322 0.084 11  0 C
2450858.63978 19.588 0.118 11  0 E
2450860.73099 19.304 0.086 11 40 C
2450864.72594 19.557 0.130 11  0 F
2450874.73898 19.816 0.101 11  0 C
2450876.65530 19.623 0.079 11  0 B
2450879.61513 19.624 0.089 11  0 C
2450881.54711 19.889 0.120 11  0 C
2450887.62931 19.522 0.108 11  0 C
2450892.59425 19.405 0.074 11  0 C
2450895.57499 19.374 0.083 11  0 C
2450900.54392 19.611 0.098 11  0 C
2450920.54506 19.390 0.088 11  0 D
2450925.49727 19.724 0.150 11  0 E
2450933.51140 19.484 0.107 11  0 C
2450951.52441 19.549 0.068 11  0 A
2451040.91778 19.564 0.087 11  0 B
2451051.91363 19.611 0.087 11  0 C
2451065.87416 19.682 0.104 11  0 D
2451068.83622 19.559 0.090 11  0 C
2451069.82670 19.583 0.066 11  0 B
2451071.84382 19.606 0.091 11  0 E
2451079.79102 19.690 0.076 11  0 C
2451083.80472 19.522 0.081 11  0 D
2451088.86941 19.616 0.093 11  0 C
2451093.86607 19.508 0.068 11  0 A
2451102.84409 19.489 0.045 11  0 A
2451107.82696 19.511 0.069 11  0 B
2451113.84075 19.562 0.065 11  0 D
2451119.77357 19.736 0.093 11  0 B
2451126.74503 19.463 0.078 11  0 C
2451130.71112 19.638 0.090 11  0 C
2451132.71967 19.472 0.062 11  0 A
2451136.83892 19.656 0.078 11  0 A
2451142.73092 19.678 0.059 11  0 A
2451151.82602 19.332 0.063 11  0 A
2451154.83458 19.417 0.078 11  0 B
2451157.78616 19.411 0.089 11  0 B
2451161.78414 19.456 0.046 11  0 A
2451163.75568 19.589 0.089 11  0 E
2451166.79216 19.664 0.119 11  0 C
2451170.84011 19.530 0.069 11  0 A
2451174.82276 19.598 0.065 11  0 B
2451178.73978 19.475 0.078 11  0 C
2451181.70635 19.541 0.089 11  0 A
2451185.78892 19.529 0.066 11  0 A
2451187.74086 19.408 0.069 11  0 B
2451189.80533 19.733 0.081 11  0 B
2451192.72490 19.392 0.050 11  0 B
2451202.66281 19.571 0.082 11  0 A
2451204.76819 19.524 0.077 11  0 B
2451207.66161 19.418 0.074 11  0 B
2451211.74204 19.688 0.111 11  0 B
2451214.75851 19.616 0.094 11  0 B
2451217.71970 19.603 0.073 11  0 A
2451219.70435 19.532 0.081 11  0 B
2451223.61184 19.409 0.068 11  0 C
2451226.70677 19.405 0.067 11  0 C
2451230.65514 19.548 0.076 11  0 B
2451234.58157 19.497 0.082 11  0 C
2451238.58514 19.493 0.099 11  0 C
2451239.71778 19.416 0.098 11  0 B
2451241.69440 19.600 0.098 11  0 A
2451243.55226 19.597 0.093 11  0 D
2451245.52086 19.659 0.121 11  0 E
2451248.52924 19.630 0.116 11  0 C
2451253.60003 19.731 0.106 11 40 D
2451256.57933 19.455 0.078 11  0 B
2451261.57538 19.498 0.070 11  0 A
2451265.59305 19.449 0.075 11  0 B
2451268.57796 19.432 0.106 11  0 B
2451276.53142 19.527 0.090 11  0 B
2451279.52591 19.521 0.095 11  0 B
2451288.55947 19.562 0.097 11  0 A
2451291.59050 19.501 0.077 11  0 A
2451296.56389 19.591 0.108 11  0 A
2451300.51027 19.569 0.124 11  0 B
2451305.48468 19.805 0.123 11  0 B
2451308.51944 19.632 0.093 11  0 B
2451313.49501 19.703 0.122 11  0 B
2451317.52260 19.566 0.097 11  0 C
2451320.46930 19.651 0.121 11  0 B
2451330.48730 19.425 0.115 11  0 B
2451397.91603 19.634 0.101 11  0 C
2451412.89366 19.492 0.083 11  0 C
2451431.80859 19.650 0.073 11  0 B
2451432.89394 19.513 0.094 11  0 C
2451435.85393 19.506 0.084 11  0 D
2451437.84675 19.614 0.080 11  0 C
2451440.88541 19.451 0.089 11  0 C
2451443.88332 19.572 0.094 11  0 D
2451447.80641 19.484 0.109 11  0 D
2451449.84813 19.441 0.093 11  0 E
2451454.76231 19.800 0.116 11  0 F
2451455.88597 19.364 0.102 11  0 D
2451458.79992 19.478 0.085 11  0 C
2451459.86730 19.481 0.077 11  0 C
2451462.73850 19.490 0.078 11  0 C
2451470.81949 19.683 0.070 11  0 A
2451475.81824 19.555 0.094 11  0 A
2451477.70510 19.493 0.088 11  0 B
2451479.74527 19.527 0.080 11  0 B
2451484.76072 19.585 0.081 11  0 B
2451487.80232 19.650 0.095 11  0 B
2451491.72551 19.641 0.098 11  0 C
2451493.82607 19.502 0.078 11  0 A
2451496.61187 19.584 0.103 11  0 C
2451498.75441 19.526 0.077 11  0 B
2451501.83848 19.595 0.079 11  0 C
2451503.73324 19.395 0.075 11  0 B
2451505.83986 19.532 0.093 11  0 A
2451507.78698 19.768 0.136 11  0 B
2451511.65970 19.443 0.070 11  0 A
2451514.70674 19.400 0.085 11  0 E
2451517.69627 19.508 0.062 11  0 A
2451519.69865 19.389 0.069 11  0 A
2451521.72133 19.593 0.066 11  0 A
2451522.69891 19.680 0.113 11  0 D
2451523.75538 19.656 0.133 11  0 C
2451525.73200 19.652 0.073 11  0 A
2451527.81918 19.633 0.124 11  0 E
2451528.72163 19.485 0.061 11  0 A
2451531.73925 19.411 0.086 11  0 C
2451538.69596 19.574 0.074 11  0 A
2451541.65203 19.625 0.060 11  0 A
2451542.75195 19.645 0.082 11  0 A
2451544.70875 19.684 0.074 11  0 B
2451547.73482 19.549 0.056 11  0 A
2451548.71219 19.443 0.055 11  0 B
2451549.77755 19.525 0.065 11  0 A
2451551.74142 19.523 0.055 11  0 A
2451552.67469 19.413 0.065 11  0 A
2451554.76764 19.644 0.065 11  0 A
2451555.70446 19.634 0.080 11  0 A
2451556.67511 19.376 0.059 11  0 A
2451562.70749 19.342 0.068 11  0 A
2451564.58612 19.515 0.118 11  0 C
2451564.68216 19.824 0.129 11  0 E
2451567.63958 19.839 0.096 11  0 A
2451570.73702 19.400 0.061 11  0 A
2451574.73268 19.558 0.062 11  0 A
2451576.63239 19.346 0.069 11 40 B
2451578.73400 19.708 0.128 11  0 C
2451581.64787 19.602 0.074 11  0 B
2451584.62637 19.485 0.084 11  0 B
2451587.61423 19.413 0.070 11  0 B
2451590.62128 19.415 0.071 11  0 A
2451595.69395 19.469 0.102 11  0 B
2451599.70529 19.561 0.108 11  0 C
2451600.67981 19.581 0.132 11  0 E
2451604.53049 19.594 0.097 11  0 C
2451606.54423 19.365 0.069 11  0 B
2451609.56348 19.671 0.103 11  0 B
2451610.60774 19.605 0.094 11  0 C
2451611.63918 19.711 0.099 11  0 D
2451612.53353 19.486 0.070 11  0 B
2451613.62494 19.413 0.096 11  0 D
2451614.52578 19.613 0.076 11  0 B
2451615.53068 19.485 0.078 11  0 A
2451616.54507 19.572 0.076 11  0 A
2451617.53004 19.517 0.073 11  0 A
2451618.53672 19.641 0.108 11  0 A
2451619.58581 19.289 0.077 11  0 A
2451620.60687 19.532 0.108 11  0 C
2451621.52501 19.577 0.111 11  0 B
2451622.59241 19.340 0.078 11  0 A
2451623.54732 19.522 0.093 11  0 B
2451624.55499 19.692 0.124 11  0 B
2451625.56694 19.427 0.117 11  0 E
2451626.65943 19.548 0.077 11  0 A
2451627.57457 19.594 0.119 11  0 C
2451628.51350 19.434 0.091 11  0 C
2451630.54040 19.406 0.103 11  0 D
2451631.53808 19.484 0.073 11  0 A
2451632.61624 19.589 0.084 11  0 B
2451633.52889 19.540 0.080 11  0 A
2451634.56853 19.428 0.068 11  0 B
2451635.53677 19.398 0.075 11  0 B
2451653.59409 19.599 0.112 11  0 D
2451656.57468 19.683 0.118 11  0 B
2451658.55215 19.546 0.094 11  0 C
2451661.48248 19.552 0.089 11  0 B
2451663.50763 19.601 0.096 11  0 A
2451665.52382 19.838 0.150 11  0 C
2451671.51970 19.575 0.120 11  0 C
2451694.51578 19.268 0.103 11  0 B
2451766.90877 19.515 0.109 11  0 D
2451768.89615 19.833 0.123 11  0 C
2451782.88340 19.386 0.070 11 40 B
2451789.82932 19.664 0.059 11  0 A
2451804.77870 19.460 0.076 11  0 B
2451809.84067 19.549 0.056 11  0 A
2451812.86346 19.515 0.062 11  0 A
2451814.87862 19.712 0.080 11  0 A
2451817.88053 19.466 0.057 11  0 A
2451822.82435 19.466 0.067 11  0 D
2451828.88856 19.639 0.123 11  0 B
2451829.86012 19.527 0.088 11  0 A
2451843.83996 19.416 0.075 11  0 B
2451850.81976 19.655 0.099 11  0 C
2451855.82246 19.515 0.065 11  0 B
2451860.79568 19.677 0.108 11 40 B
2451863.76923 19.378 0.076 11  0 B
2451865.82407 19.571 0.069 11  0 B
2451867.79280 19.498 0.074 11  0 A
2451869.76626 19.527 0.076 11  0 B
2451872.76491 19.451 0.072 11  0 B
