2450455.73037 17.115 0.007 11  0 A
2450455.77795 17.102 0.007 11 40 B
2450456.59804 17.105 0.007 11  0 B
2450456.64776 17.102 0.008 11  0 D
2450456.71850 17.112 0.007 11  0 B
2450456.76596 17.118 0.006 11  0 A
2450456.81740 17.119 0.007 11  0 B
2450457.56574 17.104 0.008 11 40 B
2450457.60968 17.111 0.007 11  0 A
2450457.66832 17.116 0.007 11  0 A
2450457.72690 17.113 0.007 11  0 A
2450457.78556 17.129 0.007 11  0 A
2450457.84427 17.130 0.008 11  0 B
2450458.64213 17.124 0.007 11  0 C
2450458.70077 17.124 0.008 11  0 E
2450459.55934 17.115 0.008 11  0 B
2450459.60551 17.135 0.007 11  0 B
2450459.66408 17.111 0.007 11 40 A
2450459.72353 17.131 0.007 11  0 B
2450459.76736 17.128 0.007 11  0 B
2450459.81115 17.100 0.007 11  0 B
2450461.57023 17.128 0.007 11  0 A
2450461.61403 17.109 0.007 11  0 A
2450461.67268 17.119 0.007 11  0 A
2450461.73882 17.123 0.007 11  0 A
2450461.80084 17.111 0.009 11  0 C
2450462.57076 17.138 0.007 11  0 A
2450462.62940 17.116 0.007 11  0 A
2450462.67538 17.127 0.006 11  0 A
2450465.67424 17.109 0.009 11  0 C
2450465.72193 17.151 0.009 11  0 D
2450465.80670 17.105 0.007 11 40 B
2450466.65796 17.125 0.007 11  0 B
2450466.72447 17.125 0.007 11  0 B
2450466.80948 17.109 0.007 11  0 C
2450467.66161 17.123 0.007 11  0 A
2450467.76622 17.128 0.007 11  0 A
2450467.83217 17.130 0.008 11 40 B
2450468.66830 17.111 0.008 11  0 B
2450468.73848 17.109 0.007 11  0 B
2450468.79707 17.136 0.007 11  0 A
2450468.84823 17.120 0.006 11  0 B
2450469.66917 17.090 0.009 11 40 D
2450469.74729 17.131 0.008 11  0 B
2450469.80620 17.117 0.008 11  0 A
2450470.74394 17.122 0.008 11  0 C
2450471.65501 17.105 0.008 11 40 A
2450471.79179 17.089 0.009 11  0 A
2450472.62960 17.154 0.008 11 40 A
2450472.67346 17.140 0.007 11 40 A
2450472.71725 17.126 0.008 11  0 B
2450472.78320 17.120 0.009 11  0 B
2450474.70916 17.139 0.008 11  0 B
2450474.77561 17.140 0.014 11  0 F
2450475.54355 17.128 0.009 11  0 D
2450475.60234 17.102 0.008 11  0 B
2450475.66848 17.093 0.009 11  0 D
2450475.72061 17.157 0.009 11  0 C
2450476.75461 17.120 0.009 11  0 C
2450477.54029 17.122 0.008 11  0 B
2450477.59161 17.112 0.007 11  0 A
2450477.73907 17.119 0.007 11  0 A
2450477.81994 17.116 0.008 11  0 A
2450478.54644 17.101 0.008 11  0 C
2450478.76683 17.124 0.007 11  0 A
2450478.82580 17.114 0.007 11  0 B
2450479.54527 17.117 0.008 11  0 C
2450479.58919 17.110 0.006 11  0 B
2450479.75209 17.137 0.007 11  0 A
2450479.82680 17.123 0.009 11  0 C
2450480.58134 17.122 0.008 11  0 C
2450480.66251 17.130 0.007 11  0 B
2450480.75606 17.088 0.007 11 40 B
2450480.80019 17.140 0.008 11  0 C
2450481.56652 17.098 0.008 11  0 B
2450481.71489 17.132 0.007 11  0 B
2450481.75887 17.144 0.008 11  0 C
2450481.80283 17.111 0.008 11  0 B
2450482.71576 17.142 0.008 11  0 B
2450482.79366 17.135 0.007 11  0 B
2450483.58203 17.128 0.008 11  0 D
2450483.62648 17.119 0.008 11  0 C
2450483.67033 17.127 0.007 11  0 C
2450483.71434 17.130 0.007 11  0 C
2450483.75822 17.138 0.008 11  0 C
2450483.80214 17.139 0.008 11  0 C
2450484.58070 17.138 0.008 11  0 B
2450484.68937 17.118 0.007 11  0 B
2450484.73375 17.117 0.008 11  0 C
2450484.77774 17.142 0.007 11  0 C
2450485.58434 17.105 0.007 11  0 B
2450485.73129 17.137 0.007 11  0 B
2450485.77537 17.127 0.007 11  0 C
2450486.58085 17.114 0.007 11  0 B
2450486.62636 17.106 0.008 11  0 D
2450486.72291 17.110 0.007 11 40 C
2450486.76811 17.130 0.007 11  0 B
2450487.60780 17.134 0.007 11  0 C
2450487.65609 17.118 0.007 11  0 B
2450487.70384 17.131 0.007 11  0 B
2450487.74801 17.138 0.007 11  0 B
2450487.79219 17.141 0.008 11  0 C
2450488.59331 17.115 0.007 11  0 B
2450488.63727 17.112 0.007 11  0 A
2450488.70613 17.121 0.008 11  0 B
2450488.75014 17.113 0.007 11  0 B
2450488.79419 17.136 0.008 11 40 C
2450489.56905 17.114 0.007 11  0 B
2450489.65803 17.108 0.006 11  0 A
2450489.70195 17.134 0.007 11  0 B
2450489.74586 17.125 0.007 11  0 A
2450490.56227 17.129 0.006 11 40 A
2450490.69949 17.119 0.007 11  0 B
2450490.74358 17.111 0.008 11  0 B
2450490.78760 17.130 0.008 11  0 B
2450491.58680 17.122 0.007 11  0 C
2450491.63862 17.132 0.007 11  0 B
2450491.68275 17.115 0.007 11  0 B
2450491.79615 17.122 0.009 11  0 D
2450492.57097 17.121 0.008 11  0 C
2450492.64530 17.149 0.008 11  0 C
2450493.57401 17.122 0.007 11  0 A
2450493.61850 17.122 0.007 11  0 A
2450494.56873 17.123 0.007 11  0 B
2450494.61265 17.130 0.007 11  0 B
2450494.65687 17.132 0.007 11  0 B
2450494.70120 17.106 0.007 11  0 B
2450494.74618 17.135 0.007 11  0 B
2450495.57153 17.140 0.008 11  0 C
2450495.64519 17.129 0.008 11  0 C
2450495.69864 17.131 0.010 11  0 E
2450496.56692 17.110 0.007 11  0 B
2450496.61169 17.099 0.008 11  0 C
2450496.65574 17.112 0.009 11  0 E
2450496.70063 17.107 0.010 11 40 E
2450497.74009 17.074 0.011 11  0 C
2450498.56598 17.141 0.008 11  0 B
2450498.61003 17.128 0.007 11  0 A
2450498.72378 17.097 0.007 11 40 A
2450498.76771 17.106 0.008 11  0 B
2450499.56094 17.139 0.008 11  0 B
2450499.60663 17.116 0.007 11  0 A
2450499.74694 17.107 0.008 11  0 B
2450500.55933 17.121 0.009 11  0 C
2450500.60366 17.154 0.010 11  0 C
2450500.64856 17.123 0.009 11  0 C
2450500.69970 17.136 0.009 11  0 C
2450500.74415 17.115 0.010 11  0 D
2450501.56784 17.145 0.009 11  0 B
2450501.68659 17.121 0.010 11  0 B
2450507.55629 17.121 0.007 11  0 B
2450507.60146 17.124 0.008 11  0 C
2450507.67328 17.136 0.012 11  0 F
2450509.55214 17.110 0.008 11  0 C
2450509.59921 17.135 0.008 11  0 B
2450509.65153 17.103 0.009 11  0 B
2450510.59376 17.125 0.008 11  0 C
2450510.63933 17.115 0.008 11  0 C
2450510.68692 17.113 0.009 11  0 D
2450511.67921 17.141 0.009 11  0 F
2450512.58588 17.136 0.008 11  0 B
2450512.63422 17.141 0.010 11  0 E
2450512.70852 17.173 0.007 11 40 D
2450512.75403 17.132 0.007 11  0 B
2450513.56617 17.109 0.008 11  0 C
2450513.61176 17.122 0.007 11  0 A
2450513.70344 17.118 0.007 11 40 A
2450513.75066 17.110 0.008 11  0 B
2450514.57442 17.121 0.007 11  0 B
2450514.64348 17.088 0.008 11 40 B
2450514.69384 17.135 0.008 11  0 B
2450514.74070 17.111 0.007 11  0 B
2450515.56857 17.109 0.007 11  0 A
2450515.62332 17.111 0.007 11  0 A
2450515.67156 17.135 0.007 11  0 A
2450516.57488 17.126 0.009 11  0 D
2450516.62909 17.078 0.008 11 40 C
2450516.67601 17.123 0.008 11  0 B
2450516.72256 17.119 0.008 11  0 B
2450519.57085 17.130 0.007 11  0 C
2450520.71162 17.137 0.010 11  0 E
2450521.56713 17.142 0.009 11  0 E
2450523.62883 17.117 0.008 11 40 C
2450523.67870 17.142 0.009 11  0 E
2450524.56864 17.128 0.009 11  0 C
2450524.61867 17.125 0.010 11  0 D
2450526.55581 17.156 0.012 11  0 F
2450530.57109 17.121 0.010 11  0 E
2450531.56851 17.120 0.010 11  0 C
2450532.55800 17.149 0.010 11  0 C
2450533.57522 17.094 0.010 11  0 E
2450534.56439 17.147 0.011 11  0 F
2450534.60856 17.108 0.010 11  0 D
2450534.66031 17.105 0.011 11  0 E
2450535.54904 17.138 0.008 11  0 C
2450535.60933 17.136 0.010 11  0 F
2450535.68303 17.129 0.010 11  0 E
2450536.52814 17.096 0.008 11  0 D
2450536.57338 17.115 0.008 11  0 C
2450536.62381 17.116 0.009 11  0 D
2450537.52277 17.121 0.008 11  0 C
2450537.62293 17.133 0.008 11  0 C
2450538.51071 17.142 0.009 11  0 E
2450538.56251 17.112 0.008 11  0 C
2450539.51935 17.124 0.008 11  0 C
2450539.63049 17.116 0.008 11  0 B
2450541.52976 17.125 0.007 11  0 C
2450541.58679 17.115 0.007 11  0 D
2450542.51884 17.126 0.007 11  0 C
2450542.57075 17.127 0.007 11  0 C
2450542.61821 17.146 0.008 11 40 B
2450543.55705 17.112 0.007 11  0 C
2450543.60114 17.122 0.008 11  0 B
2450543.63820 17.116 0.008 11  0 B
2450544.50985 17.123 0.008 11  0 D
2450544.55416 17.130 0.008 11  0 D
2450544.59843 17.134 0.008 11  0 C
2450544.64365 17.163 0.009 11  0 D
2450551.49958 17.133 0.007 11  0 B
2450552.50790 17.110 0.008 11  0 B
2450553.51634 17.135 0.011 11  0 B
2450553.62707 17.103 0.011 11  0 C
2450554.49310 17.132 0.010 11  0 B
2450554.57856 17.107 0.012 11  0 D
2450555.49941 17.104 0.015 11  0 D
2450557.59999 17.141 0.014 11  0 E
2450558.54676 17.165 0.016 11 40 E
2450559.53058 17.116 0.011 11  0 B
2450560.50863 17.109 0.013 11  0 C
2450561.50867 17.125 0.012 11  0 E
2450562.51023 17.098 0.013 11 40 E
2450564.51135 17.152 0.014 11  0 E
2450565.51718 17.139 0.011 11  0 C
2450566.51118 17.147 0.010 11 40 A
2450567.51223 17.119 0.009 11 40 A
2450569.50733 17.129 0.010 11  0 C
2450571.49313 17.110 0.011 11  0 C
2450572.52237 17.118 0.012 11  0 B
2450573.52623 17.144 0.012 11  0 C
2450574.48460 17.131 0.010 11 40 A
2450575.48324 17.127 0.011 11  0 B
2450576.49832 17.135 0.012 11  0 C
2450577.49221 17.124 0.011 11  0 B
2450578.50526 17.108 0.010 11  0 A
2450582.48792 17.135 0.014 11  0 D
2450583.49066 17.115 0.010 11  0 A
2450672.87605 17.133 0.010 11  0 C
2450689.90653 17.097 0.009 11  0 B
2450699.90994 17.122 0.010 11  0 B
2450701.82687 17.126 0.011 11  0 C
2450704.86936 17.120 0.011 11  0 D
2450706.85080 17.126 0.013 11  0 D
2450714.81823 17.126 0.009 11  0 B
2450716.78284 17.131 0.009 11  0 B
2450720.83918 17.099 0.010 11  0 D
2450728.77802 17.130 0.009 11  0 A
2450729.77802 17.126 0.010 11  0 C
2450730.73357 17.127 0.010 11  0 C
2450733.82456 17.139 0.015 11  0 F
2450741.82781 17.124 0.011 11  0 B
2450745.78263 17.133 0.010 11  0 B
2450747.83105 17.119 0.009 11  0 A
2450753.77901 17.108 0.010 11 40 C
2450759.81946 17.087 0.011 11  0 C
2450766.79364 17.143 0.012 11  0 B
2450772.81271 17.123 0.010 11  0 B
2450775.79444 17.102 0.009 11  0 B
2450779.81310 17.123 0.010 11  0 D
2450787.78951 17.112 0.010 11  0 A
2450789.77351 17.105 0.010 11  0 C
2450790.78400 17.140 0.010 11  0 E
2450795.74160 17.126 0.010 11  0 A
2450796.81352 17.115 0.010 11  0 A
2450797.74127 17.149 0.009 11  0 A
2450798.71324 17.122 0.009 11  0 A
2450805.79816 17.097 0.012 11  0 C
2450816.76919 17.134 0.009 11  0 B
2450817.68839 17.117 0.009 11  0 A
2450819.78809 17.127 0.010 11  0 A
2450822.80228 17.108 0.008 11  0 A
2450824.83156 17.126 0.010 11  0 A
2450826.65503 17.085 0.010 11  0 B
2450829.72564 17.123 0.010 11  0 C
2450832.68187 17.128 0.010 11  0 A
2450836.78069 17.107 0.011 11  0 C
2450840.66005 17.112 0.011 11  0 C
2450843.66053 17.127 0.009 11  0 B
2450850.63409 17.125 0.009 11  0 B
2450854.66485 17.126 0.011 11  0 C
2450855.63883 17.116 0.011 11  0 B
2450856.60514 17.146 0.012 11  0 C
2450858.57772 17.130 0.010 11  0 A
2450866.63982 17.135 0.015 11  0 F
2450875.55302 17.132 0.008 11  0 C
2450879.63956 17.174 0.012 11  0 C
2450880.53865 17.128 0.010 11  0 C
2450887.55192 17.107 0.011 11 40 C
2450892.63548 17.147 0.012 11 40 D
2450895.52637 17.127 0.012 11  0 C
2450898.53320 17.118 0.008 11  0 A
2450918.52033 17.063 0.014 11  0 F
2450922.60056 17.105 0.014 11  0 F
2450928.52653 17.160 0.012 11  0 C
2450931.54844 17.142 0.013 11  0 E
2450933.55819 17.091 0.010 11  0 C
2450947.49784 17.090 0.014 11  0 D
2450951.54781 17.128 0.010 11  0 A
2451045.88620 17.104 0.011 11  0 C
2451051.86648 17.101 0.010 11  0 D
2451052.90168 17.098 0.010 11  0 D
2451053.88186 17.125 0.009 11  0 C
2451054.89758 17.129 0.009 11  0 C
2451055.87005 17.132 0.011 11  0 E
2451059.88282 17.113 0.011 11  0 D
2451061.89256 17.129 0.011 11  0 C
2451068.89067 17.117 0.009 11  0 A
2451076.86195 17.124 0.011 11  0 D
2451081.86507 17.108 0.009 11  0 B
2451087.81214 17.149 0.010 11  0 C
2451091.81465 17.131 0.012 11  0 C
2451102.79709 17.115 0.007 11  0 A
2451106.85212 17.137 0.008 11  0 A
2451107.77988 17.133 0.009 11  0 B
2451113.79267 17.114 0.009 11  0 D
2451119.79740 17.120 0.010 11  0 B
2451126.82045 17.119 0.009 11  0 B
2451131.69123 17.137 0.012 11 40 E
2451132.74320 17.133 0.009 11  0 B
2451136.77648 17.129 0.010 11  0 A
2451138.80064 17.107 0.008 11  0 A
2451142.66766 17.120 0.008 11  0 B
2451144.73660 17.118 0.008 11  0 A
2451151.76244 17.104 0.009 11  0 A
2451155.76172 17.140 0.009 11  0 A
2451158.75926 17.121 0.009 11  0 A
2451161.73719 17.132 0.008 11  0 A
2451165.75791 17.092 0.009 11  0 B
2451169.75282 17.111 0.010 11  0 D
2451174.72664 17.138 0.009 11  0 B
2451179.74346 17.138 0.011 11  0 A
2451181.81550 17.112 0.010 11  0 A
2451186.76992 17.106 0.008 11  0 A
2451187.83121 17.122 0.009 11  0 A
2451189.84004 17.119 0.009 11  0 B
2451196.70992 17.120 0.011 11  0 E
2451201.71879 17.119 0.010 11  0 C
2451203.73864 17.145 0.010 11 40 B
2451207.59558 17.112 0.012 11  0 B
2451211.63333 17.102 0.010 11  0 A
2451214.63419 17.111 0.010 11  0 A
2451217.60907 17.103 0.008 11  0 A
2451220.61390 17.116 0.009 11  0 A
2451223.64013 17.125 0.010 11  0 B
2451225.58105 17.136 0.009 11  0 A
2451227.66159 17.119 0.010 11  0 C
2451231.55748 17.112 0.010 11  0 C
2451234.60572 17.099 0.010 11  0 C
2451236.61321 17.132 0.013 11  0 C
2451240.56568 17.119 0.011 11  0 B
2451242.66737 17.132 0.012 11  0 C
2451244.61701 17.116 0.012 11  0 D
2451247.54754 17.134 0.012 11  0 D
2451252.66344 17.148 0.015 11  0 F
2451256.53229 17.137 0.012 11  0 C
2451260.55780 17.128 0.010 11  0 A
2451265.53275 17.122 0.010 11  0 A
2451273.57865 17.141 0.016 11  0 D
2451277.51492 17.119 0.012 11  0 B
2451281.57394 17.132 0.013 11  0 B
2451288.51320 17.108 0.013 11  0 B
2451290.58058 17.095 0.011 11  0 A
2451296.51796 17.126 0.012 11  0 B
2451298.55586 17.114 0.013 11  0 B
2451301.49760 17.086 0.012 11 40 B
2451305.54338 17.126 0.011 11  0 B
2451308.47289 17.121 0.011 11  0 A
2451313.51938 17.117 0.012 11  0 B
2451316.51126 17.125 0.006 11  0 B
2451319.48750 17.133 0.011 11  0 A
2451329.51187 17.120 0.015 11  0 B
2451332.48711 17.119 0.014 11  0 D
2451340.45901 17.129 0.015 11  0 C
2451412.84582 17.095 0.012 11  0 E
2451418.84306 17.100 0.010 11  0 D
2451430.89753 17.116 0.010 11  0 D
2451432.83140 17.082 0.012 11  0 E
2451435.80743 17.127 0.012 11  0 E
2451437.79131 17.117 0.012 11  0 D
2451440.83899 17.116 0.012 11  0 E
2451446.85107 17.120 0.015 11  0 E
2451447.87658 17.132 0.013 11  0 D
2451451.77172 17.121 0.011 11  0 D
2451459.77832 17.137 0.015 11  0 F
2451462.78259 17.149 0.015 11  0 F
2451470.84297 17.128 0.010 11  0 B
2451475.75557 17.137 0.010 11  0 A
2451478.84583 17.120 0.010 11  0 B
2451481.68464 17.099 0.011 11  0 E
2451487.71401 17.134 0.010 11  0 B
2451490.71086 17.143 0.012 11  0 C
2451492.70395 17.103 0.011 11  0 B
2451495.70246 17.143 0.010 11  0 B
2451497.82864 17.124 0.012 11  0 D
2451499.66025 17.118 0.013 11  0 D
2451502.65547 17.108 0.013 11  0 D
2451505.69608 17.122 0.012 11  0 A
2451507.82954 17.133 0.011 11  0 A
2451510.80554 17.115 0.010 11  0 A
2451512.70225 17.097 0.011 11  0 D
2451514.81338 17.128 0.010 11  0 E
2451517.64883 17.125 0.011 11  0 B
2451519.72250 17.140 0.010 11  0 A
2451521.65823 17.118 0.010 11  0 B
2451523.77899 17.134 0.011 11  0 C
2451525.77334 17.126 0.009 11  0 B
2451527.70229 17.116 0.009 11  0 B
2451528.74863 17.118 0.009 11  0 A
2451529.76977 17.112 0.010 11  0 C
2451531.76286 17.116 0.011 11  0 C
2451538.71942 17.115 0.010 11  0 A
2451541.67552 17.101 0.008 11  0 A
2451542.70540 17.109 0.010 11  0 B
2451544.63136 17.151 0.010 11 40 B
2451547.75832 17.127 0.009 11  0 A
2451548.73591 17.122 0.009 11  0 A
2451549.73017 17.121 0.008 11  0 A
2451552.59492 17.125 0.009 11  0 B
2451554.72139 17.133 0.009 11  0 B
2451555.72811 17.114 0.010 11  0 B
2451562.73106 17.097 0.011 11  0 C
2451564.60963 17.141 0.013 11  0 C
2451567.70227 17.117 0.012 11  0 C
2451570.60758 17.143 0.010 11  0 B
2451574.76479 17.116 0.009 11  0 A
2451577.71650 17.104 0.010 11  0 B
2451580.75054 17.114 0.010 11  0 A
2451583.63589 17.116 0.011 11  0 C
2451585.72254 17.103 0.010 11  0 B
2451588.73024 17.120 0.012 11  0 C
2451591.70313 17.156 0.015 11  0 E
2451593.57973 17.131 0.011 11  0 A
2451595.71824 17.114 0.013 11  0 D
2451596.69817 17.134 0.011 11  0 B
2451599.62004 17.124 0.009 11  0 B
2451601.69610 17.135 0.013 11  0 D
2451604.57759 17.119 0.011 11  0 D
2451606.61252 17.101 0.010 11  0 B
2451609.65386 17.110 0.010 11  0 B
2451610.63895 17.103 0.011 11  0 C
2451613.53001 17.134 0.012 11  0 C
2451615.56194 17.119 0.011 11  0 C
2451617.63331 17.138 0.010 11  0 A
2451619.61698 17.122 0.012 11  0 B
2451620.56815 17.119 0.012 11  0 C
2451622.51830 17.152 0.013 11  0 C
2451624.51488 17.133 0.015 11 40 D
2451626.51571 17.130 0.012 11  0 D
2451627.63682 17.150 0.013 11 40 C
2451629.51583 17.117 0.010 11  0 B
2451630.59726 17.109 0.010 11  0 A
2451632.53380 17.121 0.010 11  0 B
2451634.51150 17.104 0.010 11  0 B
2451643.50345 17.123 0.010 11  0 B
2451646.50238 17.099 0.014 11 40 E
2451654.54086 17.129 0.012 11  0 A
2451656.52704 17.086 0.011 11 40 B
2451659.53452 17.130 0.012 11  0 B
2451661.55847 17.132 0.010 11  0 B
2451664.52015 17.117 0.011 11  0 B
2451667.52535 17.113 0.013 11  0 B
2451670.54711 17.145 0.012 11  0 C
2451672.53607 17.162 0.014 11 40 C
2451691.53539 17.089 0.011 11  0 B
2451694.49196 17.131 0.012 11  0 B
2451769.87899 17.114 0.011 11  0 C
2451771.90582 17.107 0.014 11  0 D
2451772.88565 17.118 0.011 11  0 B
2451775.88675 17.104 0.010 11  0 A
2451784.87134 17.117 0.011 11  0 C
2451789.86003 17.126 0.008 11  0 A
2451804.80963 17.117 0.011 11  0 C
2451808.89022 17.118 0.011 11  0 D
2451812.80477 17.119 0.009 11  0 A
2451816.81610 17.126 0.009 11  0 B
2451821.80668 17.114 0.009 11  0 B
2451823.84880 17.121 0.008 11  0 A
2451826.83187 17.106 0.010 11  0 C
2451829.80558 17.136 0.011 11  0 B
2451830.81889 17.125 0.012 11  0 C
2451834.85785 17.123 0.010 11  0 C
2451845.85527 17.143 0.009 11  0 A
2451859.79499 17.121 0.010 11  0 B
2451861.81221 17.113 0.011 11  0 B
2451864.78962 17.114 0.009 11  0 A
2451865.76981 17.107 0.009 11  0 B
2451868.80918 17.117 0.008 11  0 B
2451870.74249 17.115 0.009 11  0 B
2451871.82645 17.114 0.009 11  0 A
2451873.78604 17.118 0.009 11  0 A
