2450726.82249 18.778 0.042 11  0 A
2450739.85628 18.972 0.068 11  0 C
2450744.76462 18.867 0.049 11  0 B
2450745.84923 18.822 0.043 11  0 A
2450746.83511 18.969 0.046 11  0 A
2450747.73056 18.890 0.049 11  0 C
2450748.68254 18.870 0.055 11  0 E
2450750.79549 18.820 0.046 11  0 B
2450751.79630 18.823 0.048 11  0 B
2450752.85413 18.788 0.043 11  0 B
2450754.80038 18.847 0.070 11  0 E
2450755.77835 18.781 0.052 11  0 D
2450759.70422 18.898 0.047 11  0 C
2450761.78543 18.870 0.054 11  0 C
2450766.83515 18.897 0.069 11  0 B
2450773.79074 18.901 0.051 11  0 A
2450776.81594 18.880 0.045 11  0 B
2450778.84903 18.838 0.068 11  0 D
2450780.77631 18.837 0.042 11  0 B
2450782.80494 18.922 0.048 11  0 B
2450788.83242 18.865 0.042 11  0 A
2450792.74247 18.920 0.057 11  0 B
2450795.82782 18.865 0.045 11  0 A
2450798.75212 18.856 0.044 11  0 A
2450817.75045 18.877 0.043 11  0 A
2450819.82713 18.778 0.054 11  0 C
2450824.69783 18.889 0.062 11  0 A
2450826.79048 18.925 0.082 11  0 C
2450827.68729 18.931 0.048 11  0 A
2450828.74693 18.738 0.044 11  0 A
2450829.69453 18.804 0.041 11  0 B
2450830.75266 18.884 0.047 11  0 A
2450831.58993 18.852 0.064 11  0 E
2450832.75953 18.870 0.050 11  0 A
2450833.57912 18.825 0.045 11  0 B
2450834.69840 18.809 0.045 11  0 B
2450835.80087 18.786 0.044 11  0 C
2450837.66276 18.893 0.038 11  0 A
2450839.66118 18.927 0.081 11  0 F
2450841.75024 18.871 0.043 11  0 A
2450842.74015 18.796 0.052 11  0 D
2450844.59509 18.828 0.060 11  0 E
2450846.76703 18.892 0.048 11  0 B
2450850.75789 18.886 0.057 11  0 C
2450854.78276 18.833 0.081 11  0 C
2450856.66682 18.844 0.074 11  0 D
2450857.72549 18.854 0.062 11  0 B
2450858.68863 18.816 0.049 11  0 B
2450859.75538 18.930 0.055 11  0 A
2450860.64834 18.989 0.061 11  0 A
2450865.56566 18.932 0.080 11  0 F
2450867.62075 18.868 0.057 11  0 D
2450874.68445 18.740 0.037 11  0 B
2450876.60051 18.854 0.048 11  0 B
2450876.70299 18.911 0.043 11  0 A
2450878.69053 18.840 0.051 11  0 C
2450880.62484 18.915 0.053 11  0 B
2450887.66910 18.945 0.079 11  0 D
2450890.69271 18.931 0.077 11  0 E
2450892.53948 18.855 0.051 11  0 B
2450893.70573 18.818 0.058 11  0 C
2450896.50745 18.818 0.051 11  0 B
2450900.56093 18.948 0.062 11  0 B
2450919.56282 18.883 0.076 11  0 B
2450925.51587 18.816 0.074 11  0 D
2450934.52263 18.863 0.074 11  0 C
2450950.51580 18.849 0.054 11  0 A
2451072.89839 18.907 0.056 11  0 C
2451079.80675 18.944 0.049 11  0 C
2451080.81038 18.765 0.039 11  0 C
2451083.82091 19.008 0.071 11  0 D
2451084.81634 18.991 0.054 11  0 C
2451086.84437 18.785 0.046 11  0 B
2451090.77202 18.842 0.070 11  0 D
2451091.87982 18.888 0.060 11  0 B
2451092.82243 18.821 0.056 11  0 B
2451093.83449 18.855 0.051 11  0 A
2451106.76340 18.825 0.037 11  0 B
2451108.78441 18.903 0.047 11  0 B
2451114.79384 18.812 0.036 11  0 A
2451119.83708 18.881 0.053 11  0 A
2451120.74167 18.931 0.066 11  0 D
2451126.76149 18.767 0.053 11  0 C
2451129.82579 18.899 0.057 11  0 C
2451131.83171 18.812 0.063 11  0 D
2451132.82132 19.020 0.053 11  0 B
2451137.80352 18.775 0.041 11  0 A
2451138.84482 19.000 0.056 11  0 A
2451142.77150 18.840 0.041 11  0 A
2451154.74470 18.956 0.058 11  0 B
2451155.70095 18.916 0.058 11  0 C
2451157.75483 18.837 0.080 11  0 D
2451159.76055 18.827 0.049 11  0 B
2451161.82458 18.840 0.040 11  0 A
2451163.82648 18.908 0.049 11  0 C
2451164.84139 18.814 0.037 11  0 A
2451166.75886 18.858 0.068 11  0 D
2451167.78510 19.020 0.080 11  0 E
2451168.76774 18.889 0.069 11  0 B
2451171.73662 18.791 0.035 11  0 A
2451175.73404 18.939 0.045 11  0 B
2451179.78343 18.895 0.063 11  0 A
2451181.74695 18.828 0.058 11  0 A
2451183.83188 18.843 0.044 11  0 B
2451185.82923 18.834 0.040 11  0 A
2451187.78455 18.930 0.045 11  0 A
2451189.72101 18.871 0.042 11  0 A
2451191.75972 18.908 0.041 11  0 B
2451192.81851 18.846 0.037 11  0 A
2451193.81045 18.873 0.038 11  0 B
2451194.68609 18.867 0.061 11  0 E
2451201.77460 18.809 0.052 11  0 C
2451202.78381 18.785 0.049 11  0 B
2451204.69037 18.809 0.051 11  0 B
2451206.79053 18.854 0.052 11  0 B
2451207.70077 18.894 0.061 11  0 B
2451211.75869 18.810 0.068 11  0 B
2451214.67282 18.915 0.066 11  0 B
2451215.57762 18.871 0.043 11  0 B
2451216.65403 18.788 0.041 11 40 A
2451217.73574 18.779 0.047 11  0 A
2451219.64944 18.841 0.050 11  0 B
2451220.75743 18.835 0.062 11  0 D
2451221.62328 18.805 0.054 11  0 C
2451223.71189 18.839 0.059 11  0 D
2451224.59184 18.594 0.049 11  0 D
2451226.60150 18.894 0.046 11  0 B
2451227.60631 18.903 0.047 11  0 C
2451233.56716 18.839 0.048 11  0 B
2451235.70495 18.825 0.057 11  0 B
2451238.62746 18.863 0.069 11  0 C
2451240.70320 18.940 0.074 11  0 B
2451242.52114 18.857 0.055 11  0 B
2451244.65766 18.880 0.055 11  0 B
2451247.51545 18.881 0.056 11  0 B
2451248.61568 18.742 0.052 11  0 C
2451251.57017 18.955 0.067 11  0 D
2451254.58469 18.800 0.055 11  0 C
2451255.61792 18.719 0.059 11  0 C
2451256.62195 18.870 0.053 11  0 B
2451258.60913 18.893 0.048 11  0 A
2451261.51493 18.781 0.043 11  0 A
2451264.52594 18.886 0.062 11  0 B
2451267.54751 18.826 0.077 11  0 C
2451272.52779 18.909 0.066 11  0 C
2451274.54559 18.830 0.071 11  0 D
2451276.55809 18.807 0.051 11  0 B
2451278.56165 18.880 0.066 11  0 B
2451279.54442 18.960 0.065 11  0 B
2451290.52575 18.849 0.069 11  0 B
2451298.50228 18.941 0.078 11 40 D
2451301.57668 18.759 0.070 11  0 C
2451306.49363 18.872 0.055 11  0 B
2451315.52601 18.889 0.083 11  0 C
2451318.50856 18.790 0.065 11  0 C
2451320.50128 18.826 0.064 11  0 B
2451330.51147 18.802 0.081 11  0 B
2451335.50461 18.755 0.058 11 40 B
2451431.86393 18.888 0.044 11  0 B
2451433.85886 18.981 0.068 11  0 D
2451436.76966 18.838 0.049 11  0 C
2451439.85062 18.947 0.047 11  0 B
2451441.86931 18.803 0.049 11  0 C
2451443.89099 18.819 0.051 11 40 C
2451447.82200 18.789 0.072 11  0 D
2451449.86381 18.916 0.072 11  0 E
2451454.87732 18.902 0.087 11  0 E
2451459.74454 18.928 0.085 11  0 F
2451462.82215 18.737 0.057 11  0 E
2451471.81982 18.792 0.045 11  0 B
2451476.71147 18.813 0.055 11  0 B
2451478.78983 18.860 0.052 11  0 B
2451484.77800 18.852 0.048 11  0 B
2451487.84888 18.933 0.051 11  0 A
2451489.75995 18.818 0.040 11  0 A
2451491.78864 18.838 0.057 11  0 C
2451493.73067 18.890 0.054 11  0 B
2451496.62756 18.758 0.057 11  0 C
2451498.69462 18.838 0.050 11  0 B
2451500.83486 18.825 0.046 11  0 B
2451503.67017 18.851 0.077 11  0 C
2451505.77747 18.896 0.060 11  0 A
2451507.72844 18.813 0.058 11  0 B
2451508.68115 18.833 0.045 11  0 A
2451509.70643 18.830 0.048 11  0 A
2451511.69968 18.883 0.057 11  0 B
2451512.80441 18.891 0.057 11  0 B
2451514.74806 18.909 0.064 11  0 E
2451517.71318 18.851 0.039 11  0 A
2451519.66674 18.876 0.052 11  0 B
2451522.74693 18.846 0.048 11  0 B
2451523.69186 18.783 0.068 11  0 D
2451525.66835 18.897 0.064 11  0 D
2451527.78783 18.853 0.050 11  0 B
2451528.79623 18.907 0.054 11  0 C
2451529.83941 18.838 0.047 11  0 B
2451531.81757 18.821 0.044 11  0 B
2451538.77395 18.845 0.052 11  0 B
2451542.79852 18.771 0.044 11  0 A
2451544.74043 18.887 0.044 11  0 A
2451547.81302 18.850 0.041 11  0 B
2451548.82254 18.853 0.042 11  0 A
2451549.83244 18.891 0.046 11  0 A
2451552.70901 18.789 0.044 11  0 A
2451553.78403 18.830 0.044 11  0 B
2451554.79927 18.847 0.036 11  0 A
2451555.78765 18.809 0.054 11  0 C
2451555.84072 18.906 0.065 11  0 B
2451561.58064 18.799 0.056 11 40 D
2451562.78542 18.832 0.061 11  0 B
2451566.63338 18.919 0.059 11  0 A
2451568.65629 18.786 0.065 11  0 D
2451571.71953 18.971 0.056 11  0 B
2451575.68234 18.815 0.051 11  0 C
2451577.74940 18.842 0.043 11  0 B
2451579.71933 19.024 0.059 11  0 B
2451581.66728 18.763 0.050 11  0 D
2451584.64340 18.815 0.047 11  0 A
2451586.65226 18.872 0.048 11  0 A
2451589.74939 18.901 0.067 11  0 B
2451592.64133 18.868 0.053 11  0 B
2451593.54348 18.855 0.072 11  0 C
2451595.61607 18.868 0.056 11  0 B
2451596.72947 18.905 0.086 11  0 B
2451599.72132 18.877 0.064 11  0 C
2451600.64916 18.767 0.066 11  0 D
2451601.72731 18.910 0.069 11  0 B
2451602.70870 18.882 0.055 11  0 B
2451606.67528 18.782 0.054 11  0 B
2451609.68874 18.827 0.048 11  0 B
2451610.70633 18.820 0.058 11  0 C
2451611.68358 18.881 0.064 11  0 D
2451613.67432 18.933 0.081 11  0 E
2451615.68434 18.661 0.049 11  0 C
2451616.62128 18.869 0.052 11  0 B
2451617.66445 18.896 0.050 11  0 A
2451618.50577 18.865 0.062 11  0 B
2451620.52933 18.897 0.071 11  0 C
2451620.67919 18.757 0.064 11  0 B
2451622.67365 18.799 0.059 11  0 A
2451624.67170 18.917 0.080 11  0 C
2451625.65136 18.917 0.061 11  0 B
2451627.66787 18.859 0.051 11  0 A
2451629.64282 18.809 0.051 11  0 B
2451630.65983 18.832 0.046 11  0 A
2451633.49730 18.952 0.057 11  0 A
2451634.61661 18.770 0.052 11  0 D
2451635.63014 18.938 0.062 11  0 B
2451644.55665 18.935 0.050 11  0 A
2451650.48756 18.927 0.087 11  0 E
2451653.52365 18.820 0.065 11  0 B
2451654.57514 18.913 0.070 11  0 B
2451656.59183 18.841 0.071 11  0 C
2451658.51178 18.776 0.057 11  0 B
2451660.48979 18.887 0.068 11  0 C
2451662.50446 18.886 0.064 11  0 B
2451665.53979 18.800 0.071 11  0 C
2451670.49911 18.821 0.057 11  0 B
2451782.89889 18.933 0.061 11  0 C
2451783.89001 18.843 0.055 11  0 C
2451790.87689 18.891 0.042 11  0 A
2451813.81112 18.805 0.046 11  0 B
2451818.86355 18.834 0.057 11  0 C
2451823.88024 18.768 0.041 11  0 B
2451826.86312 18.810 0.045 11  0 B
2451843.79913 18.867 0.051 11  0 B
2451843.84738 18.804 0.050 11  0 C
2451844.81424 18.881 0.048 11  0 A
2451845.70525 18.948 0.049 11  0 B
2451845.77422 18.893 0.050 11  0 B
2451845.86333 18.927 0.049 11  0 A
2451847.62926 18.856 0.060 11  0 B
2451847.71748 18.989 0.078 11  0 E
2451849.61805 18.800 0.061 11  0 E
2451850.71657 18.729 0.055 11  0 D
2451852.73248 18.876 0.048 11  0 B
2451855.79085 18.930 0.050 11  0 C
2451856.69751 18.815 0.068 11  0 D
2451858.59934 18.835 0.082 11  0 E
2451858.70302 18.844 0.061 11  0 C
2451858.79267 18.877 0.062 11  0 C
2451860.76453 18.804 0.063 11  0 C
2451860.83439 18.904 0.057 11  0 A
2451861.69443 18.870 0.065 11  0 D
2451862.61214 18.900 0.075 11  0 D
2451862.74663 18.775 0.049 11  0 A
2451864.60860 18.811 0.052 11  0 C
2451864.75079 18.719 0.038 11  0 B
2451864.84290 18.971 0.044 11  0 A
2451866.67654 18.865 0.045 11  0 A
2451866.78932 18.917 0.048 11  0 A
2451866.84534 18.823 0.040 11  0 A
2451868.65617 18.826 0.044 11  0 A
2451868.74739 18.934 0.040 11  0 A
2451869.78179 18.931 0.060 11  0 D
2451869.82157 18.884 0.056 11  0 D
2451870.71156 18.783 0.043 11  0 B
2451870.82187 18.926 0.064 11  0 C
2451872.69734 18.940 0.052 11  0 A
2451872.77285 18.797 0.051 11  0 C
