2450726.82249 18.548 0.035 11  0 A
2450739.85628 18.580 0.050 11  0 C
2450744.76462 18.575 0.039 11  0 B
2450745.84923 18.607 0.037 11  0 A
2450746.83511 18.590 0.033 11  0 A
2450747.73056 18.611 0.040 11  0 C
2450748.68254 18.672 0.049 11  0 E
2450750.79549 18.614 0.040 11  0 B
2450751.79630 18.603 0.041 11  0 B
2450752.85413 18.550 0.037 11  0 B
2450754.80038 18.597 0.059 11  0 E
2450755.77835 18.586 0.045 11  0 D
2450759.70422 18.550 0.036 11  0 C
2450761.78543 18.639 0.045 11  0 C
2450766.83515 18.569 0.052 11  0 B
2450773.79074 18.574 0.039 11  0 A
2450776.81594 18.588 0.036 11  0 B
2450778.84903 18.522 0.054 11  0 D
2450780.77631 18.591 0.036 11  0 B
2450782.80494 18.494 0.035 11  0 B
2450788.83242 18.533 0.033 11  0 A
2450792.74247 18.562 0.043 11  0 B
2450795.82782 18.598 0.037 11  0 A
2450798.75212 18.536 0.034 11  0 A
2450817.75045 18.664 0.037 11  0 A
2450819.82713 18.585 0.048 11  0 C
2450824.69783 18.541 0.047 11  0 A
2450826.79048 18.493 0.056 11  0 C
2450827.68729 18.582 0.037 11  0 A
2450828.74693 18.609 0.040 11  0 A
2450829.69453 18.496 0.033 11  0 B
2450830.75266 18.684 0.040 11  0 A
2450831.58993 18.507 0.050 11  0 E
2450832.75953 18.562 0.039 11  0 A
2450833.57912 18.565 0.037 11  0 B
2450834.69840 18.591 0.038 11  0 B
2450835.80087 18.550 0.039 11  0 C
2450837.66276 18.609 0.032 11  0 A
2450839.66118 18.727 0.073 11  0 F
2450841.75024 18.538 0.034 11  0 A
2450842.74015 18.589 0.046 11  0 D
2450844.59509 18.755 0.061 11  0 E
2450846.76703 18.617 0.039 11  0 B
2450850.75789 18.585 0.045 11  0 C
2450854.78276 18.639 0.068 11  0 C
2450856.66682 18.592 0.060 11  0 D
2450857.72549 18.536 0.049 11  0 B
2450858.68863 18.588 0.041 11  0 B
2450859.75538 18.612 0.041 11  0 A
2450860.64834 18.586 0.044 11  0 A
2450865.56566 18.515 0.058 11  0 F
2450867.62075 18.676 0.050 11  0 D
2450874.68445 18.516 0.032 11  0 B
2450876.60051 18.667 0.041 11  0 B
2450876.70299 18.538 0.031 11  0 A
2450878.69053 18.583 0.042 11  0 C
2450880.62484 18.645 0.044 11  0 B
2450887.66910 18.575 0.059 11  0 D
2450890.69271 18.480 0.054 11  0 E
2450892.53948 18.621 0.042 11  0 B
2450893.70573 18.627 0.050 11  0 C
2450896.50745 18.604 0.043 11  0 B
2450900.56093 18.570 0.043 11  0 B
2450919.56282 18.560 0.057 11  0 B
2450925.51587 18.613 0.063 11  0 D
2450934.52263 18.579 0.058 11  0 C
2450950.51580 18.659 0.045 11  0 A
2451072.89839 18.593 0.045 11  0 C
2451079.80675 18.609 0.039 11  0 C
2451080.81038 18.701 0.039 11  0 C
2451083.82091 18.682 0.055 11  0 D
2451084.81634 18.531 0.039 11  0 C
2451086.84437 18.621 0.042 11  0 B
2451090.77202 18.603 0.060 11  0 D
2451091.87982 18.516 0.044 11  0 B
2451092.82243 18.514 0.044 11  0 B
2451093.83449 18.702 0.046 11  0 A
2451106.76340 18.619 0.033 11  0 B
2451108.78441 18.556 0.038 11  0 B
2451114.79384 18.608 0.032 11  0 A
2451119.83708 18.586 0.042 11  0 A
2451120.74167 18.515 0.047 11  0 D
2451126.76149 18.669 0.051 11  0 C
2451129.82579 18.570 0.042 11  0 C
2451131.83171 18.534 0.050 11  0 D
2451132.82132 18.549 0.036 11  0 B
2451137.80352 18.580 0.035 11  0 A
2451138.84482 18.644 0.041 11  0 A
2451142.77150 18.617 0.035 11  0 A
2451152.72916 18.617 0.072 11  0 E
2451154.74470 18.608 0.043 11  0 B
2451155.70095 18.591 0.045 11  0 C
2451157.75483 18.547 0.063 11  0 D
2451159.76055 18.633 0.042 11  0 B
2451161.82458 18.526 0.031 11  0 A
2451163.82648 18.556 0.037 11  0 C
2451164.84139 18.565 0.030 11  0 A
2451166.75886 18.610 0.055 11  0 D
2451167.78510 18.485 0.052 11  0 E
2451168.76774 18.575 0.052 11 40 B
2451171.73662 18.645 0.031 11  0 A
2451175.73404 18.574 0.034 11  0 B
2451179.78343 18.650 0.050 11  0 A
2451181.74695 18.587 0.047 11  0 A
2451183.83188 18.649 0.038 11  0 B
2451185.82923 18.600 0.033 11  0 A
2451187.78455 18.586 0.033 11  0 A
2451189.72101 18.633 0.035 11  0 A
2451191.75972 18.603 0.033 11  0 B
2451192.81851 18.622 0.032 11  0 A
2451193.81045 18.738 0.035 11  0 B
2451194.68609 18.564 0.049 11  0 E
2451201.77460 18.657 0.048 11  0 C
2451202.78381 18.580 0.042 11  0 B
2451204.69037 18.590 0.044 11  0 B
2451206.79053 18.592 0.043 11  0 B
2451207.70077 18.744 0.055 11  0 B
2451211.75869 18.488 0.052 11  0 B
2451214.67282 18.628 0.051 11  0 B
2451215.57762 18.628 0.037 11  0 B
2451216.65403 18.618 0.037 11  0 A
2451217.73574 18.617 0.042 11  0 A
2451219.64944 18.608 0.042 11  0 B
2451220.75743 18.724 0.057 11  0 D
2451221.62328 18.626 0.048 11  0 C
2451223.71189 18.542 0.047 11  0 D
2451224.59184 18.504 0.045 11  0 D
2451226.60150 18.675 0.040 11  0 B
2451227.60631 18.617 0.038 11  0 C
2451233.56716 18.614 0.041 11  0 B
2451235.70495 18.607 0.048 11  0 B
2451238.62746 18.604 0.056 11  0 C
2451240.70320 18.536 0.052 11  0 B
2451242.52114 18.606 0.046 11  0 B
2451244.65766 18.562 0.042 11  0 B
2451247.51545 18.590 0.046 11  0 B
2451248.61568 18.536 0.045 11  0 C
2451251.57017 18.582 0.051 11  0 D
2451254.58469 18.587 0.048 11  0 C
2451255.61792 18.529 0.052 11  0 C
2451256.62195 18.631 0.045 11 40 B
2451258.60913 18.638 0.038 11  0 A
2451261.51493 18.608 0.039 11  0 A
2451264.52594 18.574 0.048 11  0 B
2451267.54751 18.668 0.068 11  0 C
2451272.52779 18.588 0.051 11  0 C
2451274.54559 18.530 0.056 11  0 D
2451276.55809 18.579 0.043 11  0 B
2451278.56165 18.517 0.049 11  0 B
2451279.54442 18.561 0.048 11  0 B
2451290.52575 18.633 0.058 11  0 B
2451298.50228 18.637 0.061 11  0 D
2451301.57668 18.454 0.054 11  0 C
2451306.49363 18.520 0.042 11  0 B
2451315.52601 18.618 0.066 11  0 C
2451318.50856 18.626 0.057 11  0 C
2451320.50128 18.599 0.052 11  0 B
2451330.51147 18.624 0.067 11  0 B
2451335.50461 18.707 0.056 11  0 B
2451431.86393 18.677 0.039 11  0 B
2451433.85886 18.692 0.057 11  0 D
2451436.76966 18.699 0.047 11  0 C
2451439.85062 18.752 0.043 11  0 B
2451441.86931 18.676 0.046 11  0 C
2451443.89099 18.699 0.049 11  0 C
2451447.82200 18.897 0.084 11  0 D
2451449.86381 18.586 0.056 11  0 E
2451459.74454 18.742 0.076 11  0 F
2451462.82215 18.740 0.061 11  0 E
2451471.81982 18.684 0.043 11  0 B
2451476.71147 18.663 0.050 11  0 B
2451478.78983 18.700 0.046 11  0 B
2451484.77800 18.740 0.046 11  0 B
2451487.84888 18.618 0.039 11  0 A
2451489.75995 18.681 0.037 11  0 A
2451491.78864 18.693 0.053 11  0 C
2451493.73067 18.695 0.047 11  0 B
2451496.62756 18.665 0.056 11  0 C
2451498.69462 18.640 0.045 11  0 B
2451500.83486 18.663 0.042 11  0 B
2451503.67017 18.615 0.065 11  0 C
2451505.77747 18.696 0.050 11  0 A
2451507.72844 18.722 0.056 11  0 B
2451508.68115 18.612 0.039 11  0 A
2451509.70643 18.726 0.046 11  0 A
2451511.69968 18.772 0.053 11  0 B
2451512.80441 18.694 0.050 11  0 B
2451514.74806 18.783 0.060 11  0 E
2451517.71318 18.545 0.031 11  0 A
2451519.66674 18.669 0.045 11  0 B
2451522.74693 18.738 0.046 11  0 B
2451523.69186 18.755 0.069 11  0 D
2451525.66835 18.690 0.057 11  0 D
2451527.78783 18.629 0.042 11  0 B
2451528.79623 18.727 0.048 11  0 C
2451529.83941 18.651 0.041 11  0 B
2451531.81757 18.691 0.041 11  0 B
2451538.77395 18.641 0.045 11  0 B
2451542.79852 18.594 0.039 11  0 A
2451544.74043 18.685 0.039 11  0 A
2451547.81302 18.673 0.037 11  0 B
2451548.82254 18.654 0.035 11  0 A
2451549.83244 18.706 0.040 11  0 A
2451552.70901 18.696 0.041 11  0 A
2451553.78403 18.629 0.038 11  0 B
2451554.79927 18.673 0.032 11  0 A
2451555.78765 18.759 0.052 11 40 C
2451555.84072 18.562 0.049 11  0 B
2451561.58064 18.659 0.051 11  0 D
2451562.78542 18.591 0.050 11  0 B
2451566.63338 18.790 0.053 11  0 A
2451568.65629 18.693 0.063 11  0 D
2451571.71953 18.613 0.042 11  0 B
2451575.68234 18.709 0.048 11  0 C
2451577.74940 18.693 0.040 11  0 B
2451579.71933 18.654 0.044 11  0 B
2451581.66728 18.670 0.048 11  0 D
2451584.64340 18.662 0.042 11  0 A
2451586.65226 18.628 0.039 11  0 A
2451589.74939 18.664 0.055 11  0 B
2451592.64133 18.678 0.045 11  0 B
2451593.54348 18.570 0.057 11  0 C
2451595.61607 18.577 0.044 11  0 B
2451599.72132 18.595 0.051 11  0 C
2451600.64916 18.796 0.069 11  0 D
2451601.72731 18.709 0.059 11  0 B
2451602.70870 18.754 0.051 11  0 B
2451606.67528 18.700 0.052 11  0 B
2451609.68874 18.635 0.042 11  0 B
2451610.70633 18.684 0.052 11  0 C
2451611.68358 18.695 0.055 11  0 D
2451613.67432 18.778 0.071 11  0 E
2451615.68434 18.720 0.054 11  0 C
2451616.62128 18.592 0.042 11  0 B
2451617.66445 18.618 0.039 11  0 A
2451618.50577 18.706 0.055 11  0 B
2451620.52933 18.548 0.053 11  0 C
2451620.67919 18.634 0.059 11  0 B
2451622.67365 18.656 0.052 11  0 A
2451624.67170 18.549 0.058 11  0 C
2451625.65136 18.704 0.050 11  0 B
2451627.66787 18.596 0.041 11  0 A
2451629.64282 18.578 0.043 11  0 B
2451630.65983 18.672 0.042 11  0 A
2451633.49730 18.678 0.046 11  0 A
2451634.61661 18.476 0.042 11  0 D
2451635.63014 18.759 0.055 11  0 B
2451644.55665 18.648 0.040 11  0 A
2451650.48756 18.615 0.066 11  0 E
2451653.52365 18.623 0.055 11  0 B
2451654.57514 18.602 0.054 11  0 B
2451656.59183 18.592 0.057 11  0 C
2451658.51178 18.826 0.060 11  0 B
2451660.48979 18.659 0.057 11  0 C
2451662.50446 18.629 0.052 11  0 B
2451665.53979 18.594 0.061 11  0 C
2451670.49911 18.604 0.047 11  0 B
2451782.89889 18.646 0.049 11  0 C
2451783.89001 18.628 0.048 11  0 C
2451790.87689 18.607 0.034 11  0 A
2451813.81112 18.590 0.040 11  0 B
2451818.86355 18.715 0.055 11  0 C
2451823.88024 18.591 0.036 11  0 B
2451826.86312 18.598 0.039 11  0 B
2451843.79913 18.616 0.043 11  0 B
2451843.84738 18.606 0.044 11  0 C
2451844.81424 18.625 0.039 11  0 A
2451845.70525 18.661 0.040 11  0 B
2451845.77422 18.644 0.042 11  0 B
2451845.86333 18.665 0.040 11  0 A
2451847.62926 18.810 0.061 11 40 B
2451847.71748 18.618 0.061 11  0 E
2451849.61805 18.629 0.056 11  0 E
2451850.71657 18.607 0.053 11  0 D
2451852.73248 18.634 0.040 11  0 B
2451855.79085 18.566 0.039 11  0 C
2451856.69751 18.563 0.057 11  0 D
2451858.59934 18.667 0.072 11  0 E
2451858.70302 18.713 0.056 11  0 C
2451858.79267 18.600 0.049 11  0 C
2451860.76453 18.556 0.052 11  0 C
2451860.83439 18.600 0.044 11  0 A
2451861.69443 18.664 0.055 11  0 D
2451862.61214 18.629 0.059 11  0 D
2451862.74663 18.684 0.046 11  0 A
2451864.60860 18.709 0.049 11  0 C
2451864.75079 18.616 0.036 11  0 B
2451864.84290 18.634 0.034 11  0 A
2451866.67654 18.703 0.041 11  0 A
2451866.78932 18.667 0.040 11  0 A
2451866.84534 18.585 0.033 11  0 A
2451868.65617 18.702 0.041 11  0 A
2451868.74739 18.617 0.031 11  0 A
2451869.78179 18.605 0.048 11  0 D
2451869.82157 18.623 0.046 11  0 D
2451870.71156 18.585 0.038 11  0 B
2451870.82187 18.591 0.049 11  0 C
2451872.69734 18.543 0.038 11  0 A
2451872.77285 18.618 0.045 11  0 C
