2450455.69739 18.302 0.016 11  0 A
2450456.67852 18.224 0.021 11  0 E
2450456.78806 18.282 0.017 11  0 A
2450457.63900 18.249 0.018 11  0 A
2450457.69762 18.256 0.016 11  0 A
2450457.81490 18.225 0.021 11  0 B
2450458.67142 18.268 0.021 11  0 C
2450459.63477 18.244 0.016 11  0 A
2450459.84042 18.273 0.021 11  0 B
2450461.64334 18.241 0.017 11  0 A
2450461.77156 18.259 0.018 11  0 A
2450462.60011 18.265 0.018 11  0 A
2450465.75128 18.304 0.020 11  0 B
2450466.83886 18.289 0.018 11  0 B
2450468.76780 18.240 0.016 11  0 A
2450469.77672 18.325 0.030 11  0 D
2450470.79460 18.361 0.032 11  0 D
2450472.81253 18.259 0.024 11  0 B
2450473.72822 18.242 0.030 11  0 C
2450475.57306 18.284 0.023 11  0 C
2450477.79063 18.295 0.020 11  0 A
2450478.79634 18.290 0.019 11  0 C
2450479.79660 18.317 0.022 11  0 B
2450480.63307 18.297 0.019 11  0 C
2450481.53090 18.248 0.023 11  0 C
2450482.82358 18.273 0.021 11  0 C
2450483.52903 18.260 0.022 11  0 D
2450484.52722 18.286 0.028 11  0 C
2450485.53179 18.261 0.021 11  0 C
2450486.52396 18.197 0.020 11  0 B
2450487.55135 18.320 0.022 11  0 D
2450488.56373 18.304 0.019 11  0 B
2450489.52380 18.251 0.018 11  0 B
2450490.53247 18.303 0.018 11  0 B
2450491.53403 18.251 0.020 11  0 C
2450492.51918 18.245 0.026 11  0 E
2450493.52232 18.281 0.018 11  0 A
2450494.51729 18.240 0.023 11  0 C
2450494.77677 18.298 0.017 11  0 A
2450495.51937 18.251 0.024 11  0 D
2450496.51454 18.281 0.029 11  0 C
2450496.73094 18.264 0.031 11  0 D
2450498.51388 18.308 0.028 11  0 D
2450499.77630 18.251 0.025 11  0 C
2450500.77379 18.291 0.032 11  0 C
2450501.53833 18.254 0.024 11  0 B
2450507.52453 18.261 0.021 11  0 C
2450508.56715 18.349 0.026 11  0 E
2450509.52170 18.272 0.023 11  0 C
2450510.55240 18.289 0.026 11  0 D
2450510.71763 18.249 0.025 11  0 D
2450511.61703 18.275 0.025 11  0 E
2450512.55137 18.209 0.024 11  0 E
2450513.53549 18.304 0.026 11  0 E
2450513.64730 18.281 0.016 11  0 A
2450514.51513 18.284 0.030 11  0 E
2450514.61060 18.303 0.016 11  0 A
2450515.51179 18.272 0.019 11  0 B
2450516.51529 18.287 0.026 11  0 D
2450517.51483 18.309 0.025 11  0 C
2450518.55169 18.287 0.020 11  0 B
2450519.50474 18.269 0.019 11  0 B
2450519.65424 18.256 0.022 11  0 C
2450519.73208 18.275 0.025 11  0 C
2450520.67098 18.236 0.023 11  0 C
2450521.50690 18.315 0.028 11  0 D
2450521.64444 18.286 0.027 11  0 E
2450521.70821 18.224 0.031 11  0 E
2450523.51216 18.326 0.029 11  0 F
2450524.49765 18.291 0.030 11  0 E
2450524.53769 18.282 0.023 11  0 C
2450525.56085 18.297 0.022 11  0 C
2450526.50102 18.284 0.028 11  0 E
2450526.59675 18.303 0.025 11  0 E
2450527.49581 18.291 0.023 11  0 C
2450528.55561 18.273 0.032 11  0 F
2450530.53554 18.215 0.026 11  0 D
2450530.63315 18.241 0.040 11  0 E
2450531.50860 18.314 0.033 11  0 E
2450531.60760 18.321 0.042 11  0 E
2450532.49721 18.291 0.033 11 40 E
2450533.49624 18.250 0.028 11  0 F
2450533.62213 18.277 0.029 11  0 E
2450534.50549 18.278 0.027 11  0 F
2450535.50987 18.269 0.016 11  0 B
2450536.65892 18.268 0.028 11  0 D
2450540.49709 18.251 0.024 11  0 E
2450552.60886 18.279 0.026 11  0 C
2450554.52321 18.309 0.030 11  0 B
2450560.53863 18.215 0.037 11  0 B
2450561.47914 18.267 0.029 11  0 A
2450562.47118 18.225 0.035 11  0 E
2450564.48011 18.255 0.043 11  0 E
2450573.47099 18.299 0.040 11  0 D
2450673.82532 18.304 0.026 11  0 D
2450689.85155 18.211 0.028 11  0 D
2450699.79761 18.265 0.032 11  0 E
2450701.79486 18.273 0.034 11  0 E
2450704.83666 18.238 0.029 11  0 D
2450706.78297 18.217 0.041 11  0 E
2450707.83632 18.377 0.044 11  0 E
2450715.80221 18.267 0.028 11  0 D
2450720.78228 18.275 0.034 11  0 E
2450722.81274 18.262 0.023 11  0 B
2450726.77076 18.292 0.025 11  0 B
2450728.81052 18.249 0.025 11  0 B
2450729.86534 18.306 0.028 11  0 C
2450733.76620 18.290 0.040 11  0 F
2450741.86100 18.260 0.026 11  0 B
2450744.86647 18.265 0.028 11  0 B
2450745.70814 18.290 0.026 11  0 C
2450747.77515 18.294 0.023 11  0 B
2450748.72929 18.286 0.025 11  0 C
2450751.71247 18.260 0.029 11  0 D
2450755.67275 18.222 0.036 11  0 E
2450759.78586 18.258 0.022 11  0 D
2450760.76235 18.252 0.025 11  0 B
2450761.84732 18.285 0.028 11  0 C
2450765.78891 18.297 0.028 11  0 A
2450769.77970 18.256 0.028 11  0 A
2450774.78625 18.277 0.027 11  0 B
2450778.76962 18.282 0.035 11  0 C
2450780.84039 18.299 0.025 11  0 B
2450781.77447 18.320 0.027 11  0 C
2450783.82345 18.253 0.019 11  0 A
2450788.78554 18.267 0.020 11  0 A
2450789.74196 18.250 0.024 11  0 A
2450792.78202 18.232 0.030 11  0 B
2450795.84373 18.320 0.025 11  0 A
2450796.84440 18.278 0.031 11  0 B
2450797.84190 18.259 0.026 11  0 A
2450798.83895 18.279 0.028 11  0 A
2450805.76432 18.308 0.034 11  0 E
2450816.70669 18.279 0.024 11  0 A
2450817.81293 18.292 0.029 11  0 B
2450818.84886 18.230 0.025 11  0 B
2450819.84289 18.230 0.031 11  0 B
2450822.77108 18.308 0.023 11  0 A
2450825.73033 18.238 0.030 11  0 C
2450827.64086 18.289 0.024 11  0 A
2450828.82542 18.286 0.027 11  0 B
2450829.65992 18.335 0.039 11  0 F
2450830.79130 18.235 0.028 11  0 B
2450831.63654 18.278 0.028 11  0 D
2450832.71270 18.284 0.026 11  0 A
2450833.53780 18.272 0.031 11  0 E
2450834.75989 18.275 0.038 11  0 E
2450837.80487 18.310 0.020 11  0 A
2450839.59172 18.253 0.024 11  0 C
2450841.81371 18.278 0.026 11  0 B
2450842.77888 18.299 0.027 11  0 B
2450844.64694 18.267 0.026 11  0 C
2450850.66798 18.272 0.028 11  0 C
2450854.72874 18.307 0.036 11  0 B
2450856.73535 18.336 0.038 11  0 D
2450858.61665 18.257 0.032 11  0 C
2450860.76330 18.153 0.035 11  0 C
2450864.70276 18.300 0.031 11  0 E
2450875.59840 18.201 0.023 11  0 B
2450880.51542 18.246 0.024 11  0 B
2450887.60628 18.250 0.029 11  0 B
2450892.67965 18.228 0.027 11  0 D
2450895.50201 18.312 0.034 11  0 C
2450897.50078 18.311 0.027 11  0 A
2450918.49561 18.224 0.036 11  0 D
2450922.48410 18.272 0.026 11  0 A
2450928.50265 18.214 0.032 11  0 C
2450931.52509 18.327 0.034 11  0 C
2450934.49727 18.338 0.040 11  0 C
2450950.49967 18.245 0.027 11  0 C
2450952.49133 18.348 0.031 11  0 A
2451053.92066 18.237 0.031 11  0 C
2451068.81146 18.272 0.033 11  0 E
2451069.80238 18.299 0.026 11  0 D
2451071.80119 18.380 0.047 11  0 F
2451077.82775 18.376 0.031 11 40 C
2451083.77692 18.291 0.030 11  0 E
2451088.84574 18.252 0.027 11  0 B
2451092.87830 18.266 0.029 11  0 C
2451102.77010 18.243 0.019 11  0 A
2451106.82713 18.254 0.021 11  0 A
2451112.80864 18.278 0.024 11  0 B
2451116.78488 18.237 0.020 11  0 A
2451126.68468 18.315 0.028 11  0 C
2451128.83746 18.307 0.028 11  0 B
2451131.84808 18.248 0.031 11  0 D
2451132.78199 18.228 0.027 11  0 B
2451136.81534 18.264 0.023 11  0 A
2451142.70759 18.243 0.019 11  0 A
2451151.80218 18.230 0.024 11  0 A
2451154.81005 18.241 0.025 11  0 B
2451157.80334 18.266 0.030 11  0 B
2451160.83683 18.261 0.024 11  0 B
2451163.77827 18.289 0.028 11  0 D
2451166.81223 18.298 0.033 11  0 C
2451169.79277 18.280 0.026 11  0 C
2451171.84123 18.228 0.021 11  0 A
2451174.76756 18.237 0.019 11  0 A
2451175.84886 18.253 0.039 11  0 E
2451179.84287 18.295 0.034 11  0 B
2451183.73767 18.235 0.024 11  0 B
2451185.85243 18.284 0.022 11  0 A
2451187.80798 18.289 0.022 11  0 A
2451189.83100 18.343 0.026 11  0 B
2451191.83640 18.244 0.020 11  0 A
2451194.74376 18.318 0.029 11  0 C
2451196.62428 18.203 0.030 11  0 F
2451201.75895 18.240 0.025 11  0 E
2451204.74459 18.245 0.024 11  0 B
2451207.63741 18.304 0.029 11  0 B
2451211.71781 18.260 0.030 11  0 B
2451214.61093 18.263 0.028 11  0 B
2451217.66434 18.249 0.027 11  0 C
2451219.72015 18.293 0.030 11  0 C
2451223.58848 18.219 0.026 11  0 B
2451226.68117 18.301 0.031 11  0 D
2451228.65497 18.230 0.035 11  0 F
2451231.59642 18.306 0.031 11  0 D
2451234.67395 18.277 0.030 11  0 C
2451239.69465 18.262 0.031 11  0 A
2451241.71127 18.273 0.034 11  0 A
2451243.51824 18.237 0.031 11  0 C
2451245.60295 18.254 0.026 11  0 B
2451247.70237 18.269 0.033 11  0 B
2451248.67008 18.308 0.038 11  0 D
2451254.52156 18.230 0.029 11  0 B
2451259.51395 18.324 0.032 11  0 B
2451264.50816 18.306 0.033 11  0 B
2451267.52732 18.324 0.038 11  0 C
2451273.53350 18.293 0.034 11  0 C
2451275.51250 18.242 0.028 11  0 B
2451278.54505 18.217 0.032 11  0 B
2451288.48984 18.266 0.032 11  0 B
2451290.61955 18.253 0.037 11  0 B
2451298.53109 18.217 0.031 11  0 B
2451301.53638 18.209 0.034 11  0 B
2451306.47764 18.276 0.028 11  0 B
2451312.47055 18.305 0.036 11  0 B
2451316.48590 18.354 0.019 11  0 B
2451319.52651 18.234 0.031 11  0 C
2451330.46353 18.302 0.043 11  0 B
2451331.46630 18.126 0.031 11  0 C
2451332.46173 18.289 0.038 11  0 D
2451333.46732 18.291 0.042 11  0 E
2451335.46372 18.259 0.033 11  0 B
2451342.46300 18.279 0.033 11  0 B
2451395.91278 18.282 0.031 11  0 C
2451400.89863 18.270 0.032 11  0 D
2451412.90895 18.279 0.039 11  0 E
2451415.91829 18.258 0.042 11  0 D
2451430.87304 18.292 0.026 11  0 C
2451432.87026 18.298 0.032 11  0 E
2451435.77422 18.206 0.038 11  0 F
2451437.76792 18.291 0.031 11  0 D
2451440.81441 18.232 0.026 11  0 C
2451443.85743 18.271 0.035 11  0 E
2451446.88960 18.187 0.034 11 40 C
2451448.78065 18.141 0.031 11  0 C
2451454.82642 18.182 0.035 11  0 F
2451458.81629 18.251 0.031 11  0 D
2451459.84372 18.228 0.027 11  0 D
2451462.75507 18.222 0.029 11  0 D
2451470.79540 18.266 0.023 11  0 C
2451475.79509 18.214 0.027 11  0 A
2451477.67965 18.301 0.033 11  0 B
2451479.72051 18.243 0.031 11  0 C
2451484.73618 18.168 0.029 11 40 C
2451487.76190 18.265 0.023 11  0 A
2451491.69002 18.209 0.029 11  0 C
2451493.84193 18.274 0.029 11  0 B
2451494.73552 18.239 0.031 11  0 B
2451497.79139 18.265 0.026 11  0 B
2451499.69918 18.268 0.034 11  0 C
2451502.69447 18.279 0.032 11  0 C
2451503.84438 18.214 0.027 11  0 B
2451505.73491 18.201 0.028 11  0 A
2451507.80606 18.251 0.033 11  0 B
2451510.78214 18.241 0.025 11  0 A
2451512.74118 18.301 0.036 11  0 C
2451514.85240 18.292 0.036 11  0 D
2451515.70651 18.250 0.029 11  0 B
2451517.73818 18.264 0.021 11  0 A
2451518.84313 18.294 0.025 11  0 A
2451521.69728 18.256 0.028 11  0 C
2451525.74833 18.204 0.021 11  0 A
2451527.74107 18.203 0.023 11  0 A
2451528.82018 18.228 0.025 11  0 B
2451529.68437 18.229 0.032 11  0 E
2451531.80172 18.247 0.024 11  0 B
2451538.75796 18.232 0.027 11  0 B
2451542.68187 18.249 0.026 11  0 B
2451544.72451 18.264 0.023 11  0 B
2451547.79685 18.220 0.027 11  0 C
2451548.77458 18.274 0.030 11  0 E
2451549.79334 18.255 0.024 11  0 A
2451552.69243 18.274 0.025 11  0 A
2451553.76814 18.238 0.025 11  0 A
2451554.78335 18.238 0.020 11  0 A
2451555.77036 18.261 0.028 11  0 B
2451561.56353 18.250 0.032 11  0 C
2451562.76976 18.274 0.028 11  0 B
2451564.65864 18.284 0.028 11  0 D
2451567.61616 18.297 0.028 11  0 B
2451570.58334 18.234 0.024 11  0 B
2451573.62362 18.282 0.029 11  0 D
2451576.60900 18.259 0.026 11  0 A
2451579.67194 18.274 0.024 11  0 B
2451581.72360 18.296 0.037 11  0 F
2451583.72249 18.247 0.030 11  0 B
2451585.65765 18.229 0.031 11  0 D
2451588.60782 18.185 0.028 11  0 C
2451591.68554 18.266 0.037 11  0 E
2451593.58919 18.336 0.030 11  0 A
2451595.70989 18.281 0.033 11  0 B
2451599.68216 18.283 0.030 11  0 B
2451600.69573 18.285 0.037 11  0 D
2451604.54639 18.229 0.026 11  0 B
2451606.52110 18.248 0.027 11  0 C
2451609.62172 18.257 0.028 11  0 B
2451610.58458 18.231 0.030 11  0 C
2451611.65520 18.293 0.035 11  0 E
2451613.56120 18.256 0.027 11  0 D
2451615.50749 18.216 0.022 11  0 A
2451617.50694 18.257 0.025 11  0 A
2451619.52945 18.199 0.034 11  0 C
2451621.50201 18.309 0.034 11 40 B
2451623.50043 18.332 0.037 11  0 B
2451625.50241 18.245 0.030 11  0 B
2451627.50257 18.289 0.028 11  0 B
2451629.54748 18.254 0.028 11  0 B
2451630.55633 18.314 0.040 11  0 E
2451632.50285 18.278 0.026 11  0 A
2451634.54297 18.235 0.028 11  0 B
2451635.61443 18.263 0.033 11  0 C
2451643.53443 18.268 0.037 11  0 E
2451645.49158 18.303 0.034 11  0 C
2451653.54721 18.346 0.036 11  0 A
2451655.52087 18.269 0.034 11  0 A
2451657.51226 18.331 0.043 11  0 D
2451660.53746 18.255 0.033 11  0 D
2451662.48835 18.268 0.030 11  0 B
2451664.50317 18.267 0.030 11  0 B
2451667.55689 18.263 0.032 11  0 B
2451671.48627 18.331 0.037 11  0 B
2451676.49101 18.312 0.039 11  0 C
2451768.91199 18.320 0.033 11  0 C
2451769.84444 18.250 0.032 11  0 D
2451771.87468 18.244 0.040 11  0 D
2451773.89753 18.284 0.026 11  0 A
2451775.91760 18.318 0.033 11  0 B
2451789.89913 18.275 0.020 11  0 A
2451790.86112 18.230 0.022 11  0 B
2451803.89060 18.225 0.030 11  0 D
2451809.81667 18.253 0.021 11  0 A
2451812.83993 18.276 0.025 11  0 A
2451814.85477 18.270 0.023 11  0 A
2451818.84764 18.277 0.031 11  0 D
2451822.84006 18.290 0.028 11  0 E
2451828.86522 18.233 0.025 11  0 B
2451829.83646 18.318 0.033 11  0 B
2451830.84992 18.256 0.029 11  0 A
2451846.86638 18.210 0.026 11  0 A
2451850.79600 18.257 0.029 11  0 D
2451855.83810 18.215 0.022 11  0 B
2451859.76413 18.253 0.027 11  0 B
2451863.74588 18.241 0.027 11  0 B
2451865.80057 18.286 0.024 11  0 A
2451867.76950 18.229 0.024 11  0 A
2451869.74290 18.279 0.024 11  0 C
2451870.77325 18.302 0.028 11  0 B
2451871.85741 18.275 0.027 11  0 A
2451873.81710 18.219 0.023 11  0 A
