2450455.64171 19.483 0.043 11  0 A
2450455.72309 19.618 0.048 11  0 A
2450455.77068 19.503 0.050 11  0 B
2450456.59075 19.520 0.049 11  0 C
2450456.64049 19.520 0.055 11  0 C
2450456.71122 19.447 0.052 11  0 B
2450456.75867 19.474 0.042 11  0 A
2450456.81013 19.538 0.052 11  0 B
2450457.55847 19.473 0.053 11  0 B
2450457.60240 19.625 0.051 11  0 A
2450457.66108 19.549 0.051 11  0 A
2450457.71964 19.430 0.042 11  0 A
2450457.77829 19.490 0.049 11  0 A
2450458.63480 19.538 0.051 11  0 C
2450458.69350 19.384 0.060 11  0 D
2450459.55207 19.443 0.066 11  0 D
2450459.59824 19.530 0.059 11  0 B
2450459.65680 19.517 0.048 11  0 A
2450459.71624 19.521 0.047 11  0 A
2450459.76008 19.428 0.046 11  0 A
2450459.80389 19.503 0.050 11  0 A
2450461.56296 19.491 0.047 11  0 B
2450461.60677 19.565 0.053 11  0 A
2450461.66538 19.614 0.051 11  0 A
2450461.73156 19.529 0.045 11  0 A
2450461.79355 19.546 0.058 11  0 B
2450462.56347 19.576 0.050 11  0 B
2450462.62211 19.514 0.043 11  0 A
2450462.66811 19.454 0.041 11  0 A
2450465.66693 19.475 0.062 11  0 C
2450465.71461 19.509 0.064 11  0 C
2450465.79946 19.484 0.053 11  0 B
2450466.65070 19.422 0.052 11  0 B
2450466.71722 19.410 0.047 11  0 B
2450466.80219 19.492 0.054 11  0 C
2450467.65434 19.598 0.052 11  0 A
2450467.75895 19.467 0.050 11  0 A
2450467.82489 19.491 0.053 11  0 A
2450468.66103 19.316 0.057 11  0 C
2450468.73122 19.515 0.052 11  0 A
2450468.78981 19.414 0.045 11  0 A
2450468.82638 19.411 0.040 11  0 B
2450469.66190 19.369 0.061 11  0 B
2450469.74002 19.457 0.059 11  0 A
2450469.79894 19.383 0.059 11  0 A
2450470.73669 19.447 0.063 11  0 B
2450471.64775 19.479 0.056 11  0 A
2450471.78451 19.528 0.071 11  0 B
2450472.62231 19.595 0.070 11  0 B
2450472.66619 19.668 0.067 11  0 B
2450472.71000 19.520 0.069 11  0 B
2450472.77591 19.505 0.072 11  0 B
2450474.70188 19.603 0.068 11  0 B
2450474.76833 19.565 0.090 11  0 E
2450475.53629 19.443 0.065 11  0 D
2450475.59508 19.656 0.074 11  0 C
2450475.66122 19.449 0.069 11  0 C
2450475.71334 19.765 0.095 11  0 D
2450475.76044 19.786 0.128 11  0 F
2450476.74605 19.460 0.067 11  0 C
2450477.53304 19.318 0.053 11  0 B
2450477.58431 19.473 0.047 11  0 A
2450477.73178 19.494 0.046 11  0 A
2450477.81266 19.464 0.058 11  0 A
2450477.85688 19.472 0.063 11  0 B
2450478.53916 19.415 0.056 11 40 B
2450478.75958 19.576 0.053 11  0 A
2450478.81854 19.481 0.049 11  0 B
2450479.53801 19.580 0.063 11  0 C
2450479.58191 19.510 0.046 11  0 B
2450479.75938 19.732 0.072 11  0 B
2450479.81954 19.381 0.064 11  0 B
2450480.57406 19.730 0.072 11  0 C
2450480.65523 19.523 0.052 11  0 B
2450480.74878 19.508 0.054 11  0 B
2450480.79292 19.424 0.054 11  0 C
2450481.55926 19.406 0.051 11  0 B
2450481.70765 19.627 0.056 11  0 A
2450481.75161 19.427 0.051 11  0 B
2450481.79557 19.615 0.060 11  0 B
2450482.70847 19.627 0.058 11  0 B
2450482.78640 19.551 0.055 11  0 B
2450483.57476 19.524 0.067 11  0 D
2450483.61918 19.448 0.056 11  0 C
2450483.66308 19.553 0.058 11  0 C
2450483.70706 19.572 0.053 11  0 B
2450483.75096 19.579 0.060 11  0 B
2450483.79488 19.617 0.068 11  0 C
2450484.57342 19.694 0.078 11  0 B
2450484.68210 19.644 0.071 11  0 B
2450484.72648 19.548 0.061 11  0 B
2450484.77046 19.512 0.054 11  0 A
2450485.57707 19.458 0.048 11  0 A
2450485.72398 19.396 0.048 11  0 B
2450485.76813 19.607 0.062 11  0 C
2450486.57357 19.606 0.061 11  0 B
2450486.61911 19.412 0.048 11  0 B
2450486.71564 19.526 0.058 11  0 B
2450486.76084 19.632 0.060 11  0 B
2450487.60055 19.672 0.054 11  0 B
2450487.64875 19.421 0.044 11  0 B
2450487.69658 19.421 0.042 11  0 B
2450487.74072 19.632 0.060 11  0 C
2450487.78489 19.518 0.055 11  0 C
2450488.58602 19.455 0.050 11  0 B
2450488.63002 19.584 0.050 11  0 A
2450488.69886 19.499 0.059 11  0 B
2450488.74287 19.441 0.051 11  0 B
2450488.78694 19.608 0.069 11  0 C
2450489.56179 19.486 0.048 11  0 B
2450489.65077 19.492 0.046 11  0 A
2450489.69468 19.543 0.050 11  0 A
2450489.73860 19.439 0.047 11  0 A
2450489.78262 19.484 0.053 11  0 B
2450490.55501 19.577 0.043 11  0 A
2450490.69221 19.616 0.059 11  0 B
2450490.73632 19.518 0.049 11  0 A
2450490.78032 19.500 0.052 11  0 A
2450491.57953 19.505 0.056 11  0 D
2450491.63134 19.554 0.049 11  0 B
2450491.67546 19.549 0.056 11  0 B
2450491.78888 19.555 0.063 11  0 B
2450492.56372 19.578 0.074 11  0 C
2450492.63805 19.512 0.060 11  0 C
2450492.68390 19.421 0.062 11  0 E
2450493.56674 19.662 0.058 11  0 A
2450493.61124 19.512 0.057 11  0 B
2450494.56146 19.520 0.060 11  0 B
2450494.60537 19.437 0.053 11  0 D
2450494.64964 19.545 0.060 11  0 B
2450494.69392 19.645 0.061 11  0 B
2450494.73893 19.358 0.050 11  0 B
2450495.56424 19.474 0.070 11  0 C
2450495.63790 19.607 0.072 11  0 C
2450495.69139 19.706 0.109 11  0 D
2450496.55965 19.669 0.073 11  0 B
2450496.60440 19.684 0.091 11  0 D
2450496.64848 19.723 0.084 11  0 C
2450496.69338 19.495 0.095 11  0 E
2450497.73284 19.548 0.074 11  0 B
2450498.55873 19.458 0.055 11  0 B
2450498.60278 19.456 0.050 11  0 A
2450498.71652 19.476 0.055 11  0 A
2450498.76045 19.517 0.063 11  0 B
2450499.55369 19.588 0.061 11  0 B
2450499.59937 19.523 0.056 11  0 A
2450499.73967 19.587 0.076 11  0 C
2450500.56663 19.572 0.076 11  0 B
2450500.59640 19.443 0.071 11  0 C
2450500.64127 19.503 0.081 11  0 C
2450500.69244 19.491 0.067 11  0 B
2450500.73687 19.755 0.101 11  0 C
2450501.56058 19.714 0.079 11  0 B
2450501.67933 19.590 0.085 11  0 B
2450507.54898 19.481 0.045 11  0 B
2450507.59421 19.537 0.055 11  0 B
2450507.66601 19.525 0.081 11  0 E
2450509.54488 19.490 0.057 11  0 B
2450509.59195 19.624 0.075 11  0 B
2450509.64427 19.592 0.075 11  0 B
2450510.58651 19.516 0.063 11  0 C
2450510.63208 19.478 0.067 11  0 C
2450510.67967 19.553 0.076 11  0 D
2450511.67196 19.679 0.089 11  0 E
2450512.57860 19.522 0.061 11  0 D
2450512.62698 19.312 0.060 11  0 D
2450512.70126 19.654 0.067 11  0 B
2450512.74679 19.412 0.049 11  0 B
2450513.55891 19.737 0.076 11  0 D
2450513.60449 19.597 0.055 11  0 B
2450513.69616 19.478 0.050 11  0 A
2450513.74341 19.591 0.060 11  0 B
2450514.56716 19.380 0.046 11  0 A
2450514.63622 19.555 0.056 11  0 B
2450514.68656 19.801 0.074 11 40 B
2450514.73342 19.583 0.060 11  0 B
2450515.56131 19.514 0.050 11  0 A
2450515.61606 19.525 0.047 11  0 A
2450515.66427 19.589 0.062 11  0 A
2450516.56760 19.486 0.065 11  0 C
2450516.62178 19.670 0.072 11  0 B
2450516.66877 19.562 0.063 11  0 B
2450516.71531 19.507 0.057 11  0 B
2450517.56560 19.755 0.082 11  0 C
2450517.61545 19.547 0.072 11  0 C
2450517.66543 19.636 0.074 11  0 C
2450517.71161 19.394 0.056 11  0 B
2450518.60294 19.433 0.061 11  0 C
2450518.64820 19.492 0.064 11  0 B
2450518.69727 19.549 0.079 11  0 C
2450519.56358 19.509 0.047 11  0 A
2450519.61020 19.587 0.049 11  0 A
2450519.67773 19.627 0.085 11  0 E
2450520.70437 19.340 0.059 11 40 C
2450521.55986 19.692 0.073 11  0 C
2450521.60501 19.585 0.097 11  0 F
2450521.66777 19.389 0.065 11  0 D
2450523.56896 19.532 0.079 11  0 E
2450523.62136 19.404 0.054 11  0 C
2450523.67124 19.609 0.068 11  0 C
2450524.56124 19.634 0.076 11  0 C
2450524.61135 19.543 0.084 11  0 D
2450526.54852 19.618 0.111 11  0 F
2450526.65052 19.684 0.103 11  0 F
2450527.67370 19.663 0.083 11  0 C
2450530.56383 19.728 0.102 11  0 D
2450531.56121 19.577 0.078 11  0 C
2450532.55068 19.638 0.079 11  0 C
2450533.56796 19.732 0.094 11  0 E
2450534.55713 19.588 0.087 11  0 E
2450534.60130 19.670 0.092 11  0 D
2450534.65305 19.182 0.062 11  0 E
2450535.54176 19.510 0.056 11  0 D
2450535.60206 19.497 0.077 11  0 E
2450535.67577 19.256 0.070 11  0 E
2450536.52082 19.494 0.063 11  0 D
2450536.56608 19.564 0.071 11  0 D
2450536.61657 19.602 0.088 11  0 E
2450537.51548 19.454 0.057 11  0 D
2450537.61568 19.541 0.064 11  0 C
2450537.66253 19.493 0.062 11  0 C
2450538.50348 19.608 0.070 11  0 D
2450538.55524 19.304 0.051 11  0 D
2450539.51211 19.365 0.055 11  0 B
2450539.62323 19.675 0.070 11 40 B
2450539.66731 19.345 0.049 11  0 B
2450540.54233 19.585 0.095 11  0 F
2450540.67336 19.446 0.060 11  0 B
2450541.52250 19.322 0.047 11  0 D
2450541.57955 19.615 0.063 11  0 C
2450542.51158 19.649 0.063 11  0 B
2450542.56349 19.533 0.060 11  0 C
2450542.61095 19.372 0.052 11  0 C
2450542.65509 19.559 0.066 11  0 C
2450543.54978 19.405 0.056 11  0 D
2450543.59387 19.820 0.079 11  0 C
2450543.63095 19.516 0.060 11  0 B
2450543.67496 19.691 0.074 11  0 B
2450544.50260 19.438 0.055 11  0 C
2450544.54691 19.666 0.077 11  0 D
2450544.59117 19.532 0.068 11  0 D
2450544.63638 19.542 0.064 11  0 C
2450551.49233 19.452 0.050 11  0 B
2450552.50062 19.654 0.073 11  0 B
2450553.50907 19.507 0.080 11  0 A
2450553.61981 19.524 0.105 11  0 C
2450554.48582 19.678 0.095 11  0 B
2450554.57129 19.530 0.114 11  0 D
2450559.52329 19.512 0.084 11  0 C
2450561.50141 19.601 0.088 11  0 B
2450562.50292 19.408 0.091 11  0 D
2450565.50990 19.419 0.080 11  0 B
2450566.50392 19.390 0.065 11  0 A
2450567.50499 19.475 0.062 11  0 A
2450568.49025 19.421 0.104 11  0 E
2450569.50008 19.300 0.071 11 40 C
2450571.48588 19.615 0.092 11  0 B
2450572.51473 19.678 0.106 11  0 B
2450573.51858 19.492 0.102 11  0 E
2450574.47699 19.468 0.067 11  0 A
2450575.47563 19.487 0.094 11  0 C
2450577.48459 19.635 0.115 11  0 B
2450578.49761 19.458 0.068 11  0 A
2450583.48305 19.610 0.085 11  0 A
2450672.86841 19.385 0.056 11  0 C
2450689.89889 19.435 0.063 11  0 B
2450699.90229 19.504 0.072 11  0 B
2450701.81921 19.520 0.091 11  0 C
2450704.86169 19.502 0.077 11  0 C
2450706.84316 19.666 0.110 11  0 D
2450714.81057 19.495 0.064 11  0 B
2450716.77515 19.590 0.069 11  0 B
2450720.83152 19.586 0.090 11  0 C
2450728.77038 19.587 0.076 11  0 B
2450729.77037 19.580 0.081 11  0 C
2450730.72594 19.609 0.080 11  0 C
2450733.81690 19.805 0.140 11  0 F
2450741.82018 19.456 0.075 11  0 B
2450745.77499 19.561 0.089 11  0 D
2450747.82342 19.472 0.066 11  0 A
2450753.77136 19.662 0.089 11  0 C
2450759.81182 19.590 0.080 11  0 D
2450766.78599 19.395 0.091 11  0 B
2450772.80509 19.273 0.055 11  0 B
2450775.78680 19.468 0.056 11  0 A
2450779.80544 19.539 0.073 11  0 B
2450781.82233 19.418 0.065 11  0 B
2450787.78188 19.375 0.065 11  0 B
2450789.76586 19.466 0.073 11  0 B
2450790.77638 19.564 0.077 11  0 C
2450795.73398 19.564 0.069 11  0 A
2450796.80583 19.709 0.098 11  0 A
2450797.73365 19.354 0.063 11  0 A
2450798.70562 19.519 0.061 11  0 A
2450805.79053 19.588 0.100 11  0 C
2450816.76156 19.577 0.070 11  0 A
2450817.68078 19.426 0.060 11  0 B
2450819.78046 19.456 0.069 11  0 B
2450822.79464 19.509 0.056 11  0 A
2450824.82394 19.463 0.062 11  0 A
2450826.64743 19.658 0.081 11  0 A
2450829.71804 19.682 0.104 11  0 D
2450832.67423 19.472 0.074 11  0 A
2450836.77304 19.323 0.082 11  0 B
2450840.65243 19.436 0.087 11  0 C
2450843.65291 19.541 0.060 11  0 A
2450850.62648 19.563 0.072 11  0 B
2450855.63122 19.570 0.096 11  0 B
2450856.59751 19.256 0.075 11  0 C
2450858.57011 19.550 0.081 11  0 B
2450864.67327 19.575 0.115 11  0 F
2450875.54543 19.512 0.070 11  0 C
2450879.63195 19.306 0.084 11  0 B
2450880.53104 19.538 0.081 11 40 C
2450887.54432 19.660 0.102 11  0 B
2450892.62786 19.734 0.106 11  0 B
2450895.51876 19.481 0.104 11  0 D
2450898.52556 19.501 0.058 11  0 A
2450922.59296 19.291 0.086 11  0 D
2450928.51886 19.756 0.135 11  0 D
2450933.55059 19.361 0.079 11  0 B
2450951.54020 19.663 0.078 11  0 A
2451051.85883 19.463 0.090 11  0 E
2451052.89404 19.350 0.078 11  0 C
2451053.87419 19.616 0.082 11  0 D
2451054.88992 19.468 0.065 11  0 C
2451055.86242 19.229 0.078 11  0 E
2451059.87518 19.650 0.121 11  0 E
2451061.88491 19.711 0.125 11  0 D
2451068.86929 19.433 0.064 11  0 C
2451069.87998 19.604 0.083 11  0 B
2451071.89702 19.442 0.085 11  0 D
2451081.85743 19.538 0.063 11  0 B
2451087.80450 19.432 0.071 11  0 C
2451091.80698 19.596 0.113 11  0 C
2451095.78871 19.439 0.099 11  0 F
2451102.78942 19.479 0.049 11  0 A
2451106.84447 19.649 0.062 11  0 A
2451107.77223 19.724 0.087 11  0 B
2451113.78502 19.695 0.089 11  0 D
2451119.78976 19.350 0.072 11  0 B
2451126.81165 19.504 0.069 11  0 B
2451131.68359 19.421 0.089 11  0 E
2451132.73558 19.539 0.079 11  0 C
2451136.76884 19.495 0.072 11  0 B
2451138.79302 19.529 0.066 11  0 A
2451142.66003 19.450 0.058 11  0 B
2451144.72897 19.411 0.060 11  0 C
2451151.75481 19.344 0.068 11  0 A
2451155.75407 19.577 0.075 11  0 A
2451158.75164 19.513 0.065 11  0 A
2451161.72957 19.364 0.052 11  0 A
2451165.75026 19.587 0.066 11  0 A
2451169.74519 19.398 0.065 11  0 C
2451174.71900 19.488 0.060 11  0 B
2451179.73582 19.643 0.108 11  0 B
2451181.80788 19.432 0.077 11  0 A
2451186.76232 19.457 0.055 11  0 A
2451187.82358 19.659 0.071 11  0 A
2451188.75158 19.433 0.052 11  0 A
2451196.70229 19.385 0.085 11  0 E
2451201.71120 19.519 0.082 11  0 D
2451203.72959 19.458 0.069 11  0 B
2451211.62570 19.523 0.073 11  0 A
2451214.62657 19.588 0.085 11  0 B
2451217.60146 19.438 0.056 11  0 A
2451220.60629 19.425 0.064 11  0 A
2451223.63250 19.450 0.076 11  0 B
2451225.57346 19.572 0.070 11  0 A
2451227.65399 19.534 0.070 11  0 D
2451231.54986 19.736 0.101 11  0 B
2451234.59810 19.607 0.089 11  0 C
2451236.60558 19.530 0.089 11  0 C
2451240.55605 19.532 0.086 11  0 B
2451242.65978 19.441 0.086 11  0 B
2451244.60722 19.687 0.096 11  0 C
2451247.53993 19.403 0.083 11  0 C
2451252.65583 19.578 0.101 11  0 D
2451256.52471 19.719 0.129 11  0 C
2451260.54879 19.508 0.086 11  0 B
2451265.52513 19.725 0.097 11  0 A
2451273.57102 19.639 0.120 11  0 C
2451277.50730 19.428 0.088 11  0 B
2451288.50559 19.389 0.090 11  0 B
2451290.57296 19.597 0.103 11  0 B
2451296.51034 19.547 0.095 11  0 A
2451298.54826 19.368 0.080 11 40 A
2451301.48996 19.592 0.106 11  0 B
2451305.53577 19.616 0.099 11  0 B
2451308.46529 19.708 0.108 11  0 B
2451313.51176 19.605 0.119 11  0 C
2451316.50366 19.640 0.059 11  0 B
2451319.47986 19.382 0.073 11  0 A
2451412.83819 19.403 0.096 11  0 E
2451418.83541 19.541 0.090 11  0 C
2451430.88990 19.567 0.069 11  0 B
2451432.82374 19.501 0.078 11  0 C
2451437.78367 19.612 0.088 11  0 E
2451440.83135 19.559 0.104 11  0 E
2451447.86895 19.426 0.096 11  0 E
2451451.76406 19.595 0.099 11  0 D
2451458.85502 19.573 0.092 11  0 C
2451459.77067 19.405 0.079 11  0 D
2451470.83533 19.403 0.061 11  0 A
2451475.74792 19.735 0.094 11  0 A
2451478.83817 19.635 0.086 11  0 B
2451481.67699 19.441 0.088 11  0 D
2451487.70637 19.513 0.071 11  0 B
2451490.70319 19.595 0.101 11  0 C
2451492.69630 19.485 0.090 11  0 C
2451495.69482 19.332 0.064 11  0 B
2451497.82100 19.566 0.110 11  0 C
2451499.65263 19.554 0.109 11  0 D
2451502.64781 19.609 0.114 11  0 E
2451505.68842 19.489 0.088 11  0 A
2451507.82192 19.525 0.090 11  0 B
2451510.79792 19.645 0.080 11  0 A
2451512.69463 19.566 0.111 11  0 E
2451514.80574 19.490 0.083 11  0 C
2451517.64120 19.508 0.089 11  0 C
2451519.71487 19.601 0.078 11  0 A
2451521.65060 19.473 0.075 11  0 B
2451523.77135 19.396 0.087 11 40 C
2451525.76570 19.496 0.064 11  0 B
2451527.69464 19.517 0.064 11  0 A
2451528.74101 19.485 0.062 11  0 A
2451529.76214 19.469 0.062 11  0 B
2451531.75523 19.409 0.072 11  0 B
2451538.71181 19.644 0.091 11  0 B
2451541.66791 19.670 0.060 11  0 A
2451542.69779 19.619 0.092 11  0 B
2451544.62375 19.553 0.072 11  0 B
2451547.75069 19.592 0.063 11  0 A
2451548.72829 19.811 0.094 11  0 B
2451549.72254 19.677 0.067 11  0 A
2451552.58730 19.462 0.073 11  0 C
2451554.71377 19.543 0.067 11  0 B
2451555.72051 19.564 0.082 11  0 B
2451562.72344 19.693 0.121 11  0 C
2451564.60203 19.478 0.103 11  0 B
2451567.69465 19.603 0.112 11  0 E
2451570.59997 19.558 0.093 11  0 C
2451574.77244 19.545 0.066 11  0 A
2451577.72415 19.556 0.078 11  0 B
2451580.75821 19.435 0.077 11  0 A
2451583.64355 19.575 0.081 11  0 B
2451585.73017 19.672 0.079 11  0 A
2451593.57209 19.559 0.102 11  0 A
2451595.72589 19.236 0.087 11  0 C
2451596.70585 19.635 0.121 11  0 C
2451599.62768 19.533 0.071 11  0 A
2451601.70376 19.539 0.107 11  0 C
2451604.58525 19.465 0.088 11  0 D
2451606.62020 19.485 0.085 11  0 C
2451609.66153 19.449 0.073 11  0 B
2451610.64662 19.401 0.084 11  0 C
2451613.53766 19.698 0.114 11  0 D
2451615.56962 19.575 0.079 11  0 B
2451617.64095 19.591 0.077 11  0 A
2451619.62464 19.803 0.122 11  0 A
2451620.57580 19.612 0.120 11 40 D
2451622.52596 19.347 0.086 11  0 B
2451624.52251 19.418 0.092 11  0 C
2451626.52336 19.634 0.112 11  0 D
2451627.64448 19.283 0.080 11 40 C
2451629.52346 19.489 0.079 11  0 B
2451630.60491 19.517 0.076 11  0 A
2451632.54145 19.628 0.102 11  0 B
2451634.51915 19.660 0.093 11  0 B
2451643.51112 19.683 0.114 11  0 B
2451654.54850 19.510 0.082 11  0 A
2451656.53471 19.702 0.105 11 40 C
2451659.54214 19.635 0.105 11  0 B
2451661.56613 19.498 0.091 11  0 C
2451664.52780 19.402 0.079 11  0 B
2451667.53299 19.808 0.145 11 40 C
2451672.54373 19.372 0.093 11  0 B
2451769.88659 19.394 0.084 11  0 D
2451772.89326 19.397 0.071 11  0 B
2451775.89435 19.505 0.085 11  0 A
2451784.87893 19.346 0.079 11  0 B
2451789.86764 19.524 0.054 11  0 A
2451804.81726 19.796 0.110 11  0 C
2451812.81235 19.492 0.065 11  0 A
2451816.82369 19.586 0.068 11  0 B
2451821.81426 19.598 0.074 11  0 C
2451823.85640 19.556 0.056 11  0 A
2451826.83949 19.393 0.071 11  0 B
2451829.81320 19.447 0.094 11  0 B
2451830.82653 19.696 0.108 11  0 A
2451834.86548 19.516 0.086 11  0 C
2451859.80261 19.407 0.075 11  0 B
2451861.81982 19.461 0.081 11  0 C
2451864.79726 19.616 0.074 11  0 B
2451865.77741 19.729 0.076 11  0 A
2451868.81682 19.598 0.057 11  0 A
2451870.75012 19.572 0.063 11  0 B
2451871.83408 19.315 0.081 11  0 E
2451873.79365 19.530 0.068 11  0 A
