2450455.68819 18.448 0.016 11  0 A
2450455.71583 18.441 0.017 11  0 A
2450455.76038 18.380 0.018 11  0 B
2450456.58349 18.435 0.017 11  0 A
2450456.62072 18.411 0.017 11  0 A
2450456.70394 18.482 0.021 11  0 B
2450456.75141 18.549 0.020 11 40 A
2450456.80284 18.368 0.020 11  0 B
2450457.55117 18.430 0.021 11  0 C
2450457.59511 18.433 0.019 11  0 A
2450457.65378 18.376 0.019 11 40 A
2450457.71233 18.475 0.018 11  0 A
2450457.77101 18.393 0.017 11  0 A
2450458.62750 18.455 0.020 11  0 B
2450458.68622 18.495 0.026 11  0 D
2450458.75542 18.434 0.023 11  0 D
2450459.54476 18.269 0.023 11  0 D
2450459.59097 18.395 0.023 11  0 B
2450459.64951 18.432 0.020 11  0 A
2450459.70898 18.484 0.018 11  0 A
2450459.75275 18.486 0.020 11  0 B
2450459.79660 18.442 0.019 11  0 A
2450461.55569 18.441 0.021 11  0 C
2450461.59951 18.449 0.021 11  0 B
2450461.65811 18.415 0.019 11  0 A
2450461.72429 18.455 0.016 11  0 A
2450461.78628 18.449 0.020 11  0 B
2450462.55620 18.492 0.020 11  0 B
2450462.61484 18.434 0.018 11  0 A
2450462.66082 18.448 0.017 11  0 A
2450465.65967 18.454 0.024 11  0 B
2450465.70734 18.450 0.024 11  0 C
2450465.79220 18.438 0.019 11  0 A
2450466.64343 18.453 0.020 11  0 B
2450466.70994 18.431 0.019 11  0 B
2450466.79491 18.469 0.022 11  0 C
2450467.64707 18.452 0.019 11  0 A
2450467.75168 18.423 0.021 11  0 A
2450467.81761 18.454 0.021 11  0 A
2450468.65376 18.415 0.028 11  0 D
2450468.72393 18.482 0.020 11  0 A
2450468.78254 18.468 0.018 11  0 A
2450469.65463 18.429 0.023 11  0 B
2450469.73144 18.390 0.023 11  0 B
2450469.79165 18.465 0.025 11  0 B
2450470.72942 18.447 0.029 11  0 C
2450471.64048 18.444 0.023 11  0 A
2450471.77724 18.463 0.027 11  0 B
2450472.61504 18.435 0.024 11  0 B
2450472.65892 18.441 0.021 11  0 A
2450472.70269 18.462 0.025 11  0 B
2450472.76865 18.479 0.026 11  0 A
2450472.84201 18.336 0.029 11  0 B
2450473.68272 18.382 0.035 11  0 D
2450474.69463 18.459 0.022 11  0 B
2450474.76108 18.402 0.029 11  0 D
2450475.52902 18.487 0.027 11  0 C
2450475.58780 18.482 0.024 11  0 B
2450475.65395 18.463 0.026 11  0 C
2450475.70608 18.458 0.027 11  0 C
2450475.75317 18.343 0.031 11  0 D
2450476.73411 18.399 0.023 11 40 C
2450477.52576 18.405 0.030 11  0 B
2450477.57133 18.429 0.019 11  0 A
2450477.72450 18.441 0.020 11  0 B
2450477.80538 18.452 0.023 11  0 A
2450477.84963 18.410 0.026 11  0 B
2450478.53190 18.428 0.023 11  0 B
2450478.75231 18.446 0.018 11  0 A
2450478.81125 18.431 0.019 11  0 A
2450479.53073 18.433 0.024 11  0 C
2450479.57465 18.413 0.017 11  0 A
2450479.76669 18.443 0.022 11  0 B
2450479.81227 18.421 0.026 11  0 B
2450480.56677 18.491 0.024 11  0 C
2450480.64794 18.505 0.020 11  0 B
2450480.74154 18.427 0.020 11  0 B
2450480.78562 18.437 0.022 11  0 C
2450481.55197 18.407 0.020 11  0 B
2450481.70037 18.464 0.020 11  0 B
2450481.74434 18.437 0.021 11  0 B
2450481.78830 18.415 0.022 11  0 B
2450482.70118 18.409 0.019 11  0 B
2450482.77913 18.393 0.021 11  0 C
2450483.56748 18.391 0.025 11  0 D
2450483.61190 18.511 0.024 11  0 C
2450483.65581 18.417 0.021 11  0 C
2450483.69979 18.501 0.022 11  0 C
2450483.74368 18.452 0.021 11  0 B
2450483.78761 18.404 0.022 11  0 C
2450484.56615 18.455 0.023 11  0 B
2450484.67483 18.440 0.022 11  0 B
2450484.71920 18.442 0.019 11  0 B
2450484.76322 18.416 0.020 11  0 B
2450485.56981 18.430 0.019 11  0 B
2450485.71671 18.393 0.019 11  0 B
2450485.76086 18.413 0.020 11  0 B
2450486.56627 18.417 0.020 11  0 B
2450486.61186 18.419 0.018 11  0 B
2450486.70840 18.504 0.023 11  0 C
2450486.75356 18.438 0.023 11  0 B
2450487.59323 18.445 0.017 11  0 B
2450487.64147 18.482 0.020 11  0 B
2450487.68931 18.418 0.019 11  0 B
2450487.73346 18.451 0.018 11  0 B
2450487.77762 18.494 0.021 11  0 B
2450488.57876 18.419 0.020 11  0 B
2450488.62273 18.458 0.020 11  0 B
2450488.69158 18.452 0.019 11  0 A
2450488.73560 18.448 0.020 11  0 B
2450488.77966 18.428 0.026 11  0 C
2450489.55452 18.437 0.019 11  0 B
2450489.61104 18.441 0.017 11  0 A
2450489.64348 18.416 0.016 11  0 A
2450489.68741 18.481 0.020 11  0 B
2450489.73133 18.456 0.019 11  0 A
2450489.77536 18.456 0.021 11  0 B
2450490.54777 18.418 0.016 11  0 B
2450490.68496 18.457 0.020 11  0 B
2450490.72905 18.395 0.019 11  0 A
2450490.77301 18.489 0.020 11  0 A
2450491.57227 18.421 0.019 11  0 D
2450491.62408 18.415 0.018 11  0 C
2450491.66820 18.451 0.021 11  0 B
2450491.78157 18.385 0.023 11  0 C
2450492.55643 18.328 0.022 11  0 C
2450492.60033 18.419 0.029 11  0 F
2450492.63078 18.473 0.023 11  0 C
2450492.67665 18.395 0.022 11  0 D
2450493.55946 18.487 0.020 11  0 B
2450493.60398 18.440 0.021 11  0 B
2450494.55419 18.426 0.021 11  0 D
2450494.59812 18.411 0.020 11  0 B
2450494.64235 18.401 0.021 11  0 B
2450494.68665 18.503 0.020 11  0 B
2450494.73167 18.407 0.021 11  0 B
2450495.55699 18.435 0.025 11  0 C
2450495.63063 18.373 0.024 11 40 D
2450495.68411 18.462 0.025 11  0 C
2450496.55240 18.443 0.021 11  0 B
2450496.59715 18.448 0.026 11  0 C
2450496.64122 18.382 0.024 11  0 C
2450496.68613 18.501 0.031 11  0 D
2450497.58012 18.441 0.021 11  0 A
2450498.55146 18.423 0.021 11  0 B
2450498.59550 18.455 0.022 11  0 B
2450498.70925 18.452 0.023 11  0 A
2450498.75318 18.380 0.023 11  0 B
2450499.54641 18.484 0.023 11  0 B
2450499.59212 18.388 0.020 11 40 C
2450499.73240 18.508 0.029 11 40 C
2450500.57394 18.460 0.028 11  0 C
2450500.58915 18.432 0.027 11  0 D
2450500.63401 18.464 0.033 11  0 D
2450500.68518 18.347 0.026 11 40 C
2450500.72959 18.365 0.026 11  0 B
2450501.55328 18.430 0.025 11  0 B
2450501.67206 18.506 0.032 11  0 B
2450507.54172 18.395 0.021 11 40 B
2450507.58693 18.469 0.020 11  0 B
2450507.65876 18.504 0.037 11  0 F
2450509.53764 18.370 0.021 11  0 C
2450509.58469 18.373 0.022 11 40 B
2450509.63701 18.443 0.025 11  0 C
2450510.57925 18.433 0.027 11  0 D
2450510.62480 18.422 0.024 11  0 C
2450510.67241 18.378 0.025 11  0 C
2450511.66469 18.528 0.027 11  0 D
2450512.57131 18.402 0.022 11  0 C
2450512.61969 18.391 0.033 11  0 E
2450512.69400 18.420 0.021 11  0 D
2450512.73951 18.424 0.020 11  0 B
2450513.55167 18.452 0.027 11  0 E
2450513.59721 18.441 0.022 11  0 B
2450513.68890 18.428 0.019 11  0 A
2450513.73613 18.431 0.022 11  0 B
2450514.55989 18.470 0.022 11  0 B
2450514.62896 18.399 0.018 11  0 A
2450514.67932 18.441 0.022 11  0 B
2450514.72617 18.388 0.022 11  0 B
2450515.55402 18.424 0.020 11  0 A
2450515.60693 18.473 0.017 11  0 A
2450515.65703 18.399 0.020 11  0 A
2450516.56033 18.421 0.023 11  0 B
2450516.61452 18.500 0.026 11  0 B
2450516.66151 18.476 0.023 11  0 B
2450516.70804 18.398 0.021 11  0 B
2450517.55832 18.431 0.024 11  0 B
2450517.60820 18.466 0.026 11  0 C
2450517.70434 18.372 0.024 11  0 C
2450518.59567 18.437 0.022 11  0 B
2450518.64093 18.441 0.024 11  0 B
2450518.69000 18.424 0.028 11  0 C
2450519.55631 18.394 0.017 11  0 A
2450519.60293 18.392 0.020 11  0 C
2450519.67048 18.479 0.026 11  0 D
2450520.69711 18.469 0.026 11  0 D
2450521.55260 18.435 0.025 11  0 D
2450521.59770 18.471 0.029 11  0 E
2450521.66050 18.405 0.026 11  0 D
2450523.56166 18.348 0.027 11  0 E
2450523.61296 18.429 0.024 11  0 C
2450523.66381 18.479 0.023 11  0 B
2450524.55391 18.423 0.027 11  0 C
2450524.60403 18.478 0.027 11  0 C
2450526.54126 18.370 0.027 11  0 E
2450526.64326 18.539 0.036 11  0 F
2450527.66644 18.482 0.027 11  0 C
2450530.55657 18.417 0.028 11  0 C
2450531.55396 18.472 0.030 11  0 C
2450532.54345 18.424 0.031 11  0 E
2450533.56070 18.368 0.031 11  0 E
2450534.54986 18.410 0.026 11  0 D
2450534.59405 18.407 0.029 11  0 D
2450535.53451 18.470 0.021 11  0 C
2450535.59479 18.408 0.025 11  0 D
2450535.66851 18.455 0.027 11  0 D
2450536.51359 18.392 0.022 11  0 E
2450536.55882 18.374 0.023 11  0 D
2450536.60932 18.433 0.027 11  0 E
2450537.50823 18.453 0.024 11  0 D
2450537.60843 18.404 0.022 11  0 C
2450537.65525 18.402 0.023 11  0 B
2450538.49623 18.426 0.025 11 40 D
2450538.54795 18.432 0.025 11  0 D
2450539.50484 18.417 0.022 11  0 C
2450539.61597 18.467 0.023 11  0 B
2450539.66006 18.422 0.021 11  0 B
2450540.53505 18.448 0.034 11  0 F
2450540.66611 18.427 0.026 11  0 C
2450541.51520 18.444 0.021 11  0 C
2450541.57227 18.497 0.023 11  0 D
2450542.49496 18.487 0.025 11  0 C
2450542.50428 18.447 0.022 11  0 C
2450542.55621 18.428 0.022 11  0 C
2450542.60369 18.450 0.023 11  0 C
2450542.64782 18.521 0.028 11  0 D
2450543.54254 18.443 0.021 11  0 B
2450543.58662 18.387 0.022 11  0 C
2450543.62367 18.414 0.023 11  0 B
2450543.66770 18.438 0.025 11  0 C
2450544.49537 18.455 0.023 11  0 C
2450544.53962 18.441 0.023 11  0 D
2450544.58386 18.460 0.023 11  0 C
2450544.62910 18.461 0.025 11  0 C
2450551.48507 18.437 0.020 11  0 B
2450552.49338 18.431 0.022 11  0 B
2450553.50175 18.483 0.030 11  0 A
2450553.61254 18.439 0.032 11  0 B
2450554.47856 18.425 0.031 11  0 B
2450554.56400 18.452 0.036 11  0 C
2450555.48489 18.540 0.037 11  0 B
2450559.51605 18.440 0.033 11  0 C
2450560.49413 18.508 0.043 11  0 C
2450561.49416 18.459 0.035 11  0 B
2450565.50266 18.455 0.029 11  0 B
2450566.49665 18.397 0.027 11  0 B
2450567.49774 18.453 0.026 11  0 A
2450568.48296 18.437 0.038 11  0 E
2450569.49280 18.439 0.032 11  0 C
2450571.47862 18.437 0.033 11  0 B
2450572.50712 18.540 0.038 11 40 B
2450573.51096 18.395 0.031 11  0 C
2450574.46938 18.476 0.033 11  0 C
2450575.46802 18.392 0.032 11  0 C
2450576.48307 18.503 0.040 11  0 C
2450577.47697 18.451 0.039 11  0 C
2450578.48999 18.388 0.026 11  0 A
2450583.47545 18.436 0.029 11  0 A
2450665.80075 18.481 0.027 11  0 B
2450672.86079 18.467 0.025 11  0 C
2450689.89125 18.453 0.027 11  0 B
2450699.89463 18.480 0.027 11  0 B
2450701.81156 18.405 0.033 11  0 C
2450704.85404 18.474 0.031 11  0 C
2450706.83554 18.402 0.041 11  0 E
2450714.80291 18.393 0.026 11  0 C
2450715.87567 18.411 0.027 11  0 B
2450716.76749 18.453 0.026 11  0 C
2450720.82387 18.209 0.027 11 40 E
2450728.76274 18.441 0.025 11  0 B
2450729.76271 18.350 0.028 11  0 D
2450730.71830 18.435 0.030 11  0 C
2450741.81253 18.392 0.030 11  0 B
2450745.76734 18.467 0.027 11  0 C
2450747.81580 18.398 0.027 11  0 B
2450753.76371 18.407 0.027 11  0 C
2450759.80419 18.461 0.030 11  0 C
2450766.77834 18.527 0.041 11  0 B
2450772.79743 18.467 0.027 11  0 B
2450775.77915 18.413 0.022 11  0 A
2450779.79782 18.480 0.027 11  0 B
2450781.81468 18.439 0.028 11  0 B
2450787.77425 18.449 0.025 11  0 A
2450789.75820 18.461 0.029 11  0 B
2450790.76874 18.352 0.027 11  0 D
2450795.72635 18.448 0.026 11  0 A
2450796.79820 18.445 0.035 11  0 C
2450797.72601 18.447 0.025 11  0 A
2450798.69799 18.465 0.024 11  0 A
2450805.78289 18.366 0.033 11  0 C
2450816.75392 18.409 0.026 11  0 A
2450817.67314 18.503 0.025 11  0 A
2450819.77286 18.450 0.028 11  0 A
2450822.78703 18.432 0.023 11  0 A
2450824.81632 18.456 0.028 11  0 A
2450826.63981 18.444 0.027 11  0 A
2450829.71043 18.484 0.028 11  0 C
2450832.66660 18.451 0.028 11  0 A
2450836.76542 18.469 0.032 11  0 A
2450840.64481 18.427 0.032 11  0 C
2450843.64532 18.472 0.024 11  0 A
2450850.61887 18.432 0.023 11  0 B
2450854.64962 18.459 0.043 11  0 E
2450855.62364 18.398 0.027 11  0 A
2450856.58990 18.477 0.034 11  0 C
2450858.56251 18.491 0.029 11  0 B
2450860.74298 18.344 0.035 11  0 E
2450864.66566 18.475 0.043 11  0 E
2450875.53783 18.440 0.025 11  0 C
2450879.62433 18.451 0.033 11  0 D
2450880.52343 18.440 0.030 11  0 B
2450887.53671 18.381 0.033 11  0 C
2450892.62026 18.442 0.029 11  0 A
2450895.51114 18.634 0.040 11  0 C
2450898.51796 18.451 0.023 11  0 A
2450922.58533 18.484 0.032 11  0 C
2450928.51125 18.417 0.035 11  0 C
2450931.53320 18.438 0.038 11  0 D
2450933.54299 18.419 0.028 11  0 B
2450940.52424 18.453 0.032 11  0 A
2450951.53258 18.441 0.024 11  0 B
2451045.86461 18.371 0.032 11  0 D
2451051.85117 18.533 0.038 11  0 E
2451052.88640 18.472 0.031 11  0 D
2451053.86656 18.455 0.027 11  0 C
2451054.88228 18.420 0.024 11  0 C
2451055.85478 18.446 0.038 11  0 E
2451059.86752 18.356 0.037 11  0 E
2451068.86164 18.439 0.033 11  0 C
2451069.87232 18.408 0.026 11  0 C
2451071.88938 18.458 0.028 11  0 D
2451081.84981 18.476 0.024 11  0 B
2451087.79687 18.456 0.030 11  0 D
2451091.79932 18.501 0.038 11  0 D
2451095.78108 18.480 0.040 11  0 F
2451102.78178 18.369 0.018 11 40 A
2451106.83684 18.385 0.021 11  0 A
2451107.76461 18.451 0.027 11  0 C
2451112.86456 18.497 0.026 11  0 A
2451119.78212 18.411 0.029 11  0 B
2451126.80402 18.483 0.029 11  0 B
2451131.67162 18.403 0.032 11  0 E
2451132.72795 18.374 0.027 11  0 B
2451136.76121 18.429 0.026 11  0 A
2451138.78534 18.400 0.025 11  0 A
2451142.65240 18.464 0.026 11  0 B
2451144.72133 18.496 0.025 11 40 A
2451151.74718 18.433 0.029 11  0 B
2451155.74643 18.510 0.030 11  0 B
2451158.74399 18.430 0.024 11  0 A
2451161.72194 18.443 0.022 11  0 B
2451165.74265 18.469 0.028 11  0 B
2451169.73757 18.457 0.027 11  0 C
2451174.71136 18.421 0.024 11  0 B
2451179.72822 18.384 0.031 11  0 A
2451181.80024 18.470 0.030 11  0 A
2451186.75469 18.371 0.024 11  0 A
2451187.81594 18.504 0.024 11  0 A
2451188.74397 18.416 0.020 11  0 A
2451196.69469 18.494 0.035 11  0 D
2451201.70361 18.418 0.030 11  0 E
2451203.72174 18.435 0.025 11  0 A
2451207.58038 18.433 0.036 11  0 C
2451211.61810 18.467 0.028 11  0 A
2451214.61896 18.370 0.030 11  0 B
2451217.59383 18.468 0.025 11  0 A
2451220.59866 18.454 0.026 11  0 A
2451223.62489 18.410 0.027 11  0 C
2451225.56582 18.489 0.026 11  0 B
2451227.64638 18.491 0.030 11  0 C
2451231.54228 18.400 0.029 11  0 B
2451234.59048 18.482 0.033 11  0 C
2451236.59800 18.430 0.035 11  0 D
2451240.54847 18.450 0.028 11  0 A
2451242.65022 18.447 0.035 11  0 B
2451244.59960 18.403 0.031 11  0 C
2451247.53233 18.482 0.033 11  0 C
2451252.64824 18.441 0.042 11  0 E
2451256.51709 18.509 0.042 11  0 D
2451260.53965 18.434 0.027 11  0 A
2451265.51753 18.395 0.031 11  0 B
2451273.56344 18.409 0.040 11  0 D
2451277.49970 18.419 0.033 11  0 B
2451288.49796 18.406 0.035 11  0 B
2451290.56537 18.404 0.033 11  0 B
2451296.50273 18.454 0.034 11  0 A
2451298.54066 18.466 0.033 11  0 A
2451301.48233 18.442 0.038 11  0 B
2451305.52817 18.486 0.039 11  0 D
2451308.45768 18.410 0.038 11  0 B
2451313.50416 18.441 0.039 11  0 C
2451316.49605 18.567 0.020 11  0 A
2451319.47227 18.442 0.032 11  0 B
2451412.83057 18.504 0.041 11  0 F
2451418.82776 18.448 0.037 11  0 D
2451430.88224 18.448 0.026 11  0 B
2451432.81608 18.432 0.027 11  0 C
2451435.79213 18.374 0.033 11  0 D
2451437.77603 18.517 0.035 11  0 D
2451440.82370 18.405 0.028 11  0 B
2451447.86127 18.428 0.038 11  0 D
2451451.75639 18.413 0.033 11  0 C
2451458.84735 18.472 0.035 11  0 C
2451459.76304 18.403 0.037 11  0 E
2451462.76729 18.386 0.040 11  0 F
2451470.82768 18.433 0.025 11  0 B
2451475.74028 18.476 0.029 11  0 A
2451478.69569 18.414 0.040 11  0 E
2451478.83054 18.417 0.029 11  0 B
2451481.66935 18.437 0.031 11  0 D
2451487.69872 18.421 0.028 11  0 B
2451490.69555 18.465 0.034 11  0 D
2451492.68864 18.488 0.036 11  0 D
2451495.68717 18.421 0.031 11  0 C
2451497.81334 18.446 0.033 11  0 B
2451499.64499 18.440 0.035 11  0 D
2451502.64019 18.460 0.041 11  0 E
2451505.68079 18.433 0.033 11  0 A
2451507.81428 18.489 0.035 11  0 B
2451510.79029 18.396 0.026 11  0 A
2451512.68699 18.465 0.037 11  0 D
2451514.79809 18.410 0.028 11 40 C
2451517.63357 18.424 0.035 11  0 D
2451519.70725 18.416 0.028 11  0 A
2451521.64299 18.477 0.029 11  0 B
2451523.76371 18.464 0.036 11  0 C
2451525.75808 18.437 0.023 11  0 A
2451527.68703 18.437 0.029 11  0 B
2451528.73337 18.455 0.024 11  0 A
2451529.75453 18.495 0.025 11  0 C
2451531.74760 18.456 0.028 11  0 B
2451538.70420 18.487 0.028 11  0 A
2451541.66028 18.444 0.020 11  0 A
2451542.69014 18.410 0.031 11  0 B
2451544.61615 18.404 0.027 11  0 B
2451547.74305 18.453 0.021 11  0 A
2451548.72066 18.467 0.024 11  0 A
2451549.71494 18.509 0.022 11  0 A
2451552.57967 18.450 0.027 11  0 B
2451554.70612 18.466 0.026 11  0 B
2451555.71290 18.474 0.029 11  0 B
2451562.71582 18.423 0.033 11  0 C
2451564.59442 18.439 0.033 11  0 A
2451567.68703 18.411 0.032 11  0 B
2451570.59238 18.462 0.031 11  0 C
2451574.78009 18.484 0.023 11  0 A
2451577.73179 18.457 0.028 11  0 B
2451580.76587 18.458 0.028 11  0 A
2451583.65119 18.514 0.028 11  0 A
2451585.73781 18.405 0.024 11  0 A
2451588.74550 18.412 0.037 11  0 D
2451591.71842 18.417 0.041 11  0 E
2451593.56449 18.436 0.034 11  0 A
2451596.71347 18.495 0.039 11  0 B
2451599.63535 18.387 0.023 11  0 A
2451601.71143 18.409 0.036 11 40 C
2451604.59290 18.384 0.029 11  0 C
2451606.62786 18.422 0.033 11  0 C
2451609.66917 18.428 0.027 11  0 B
2451610.65426 18.445 0.032 11  0 C
2451613.54533 18.480 0.034 11  0 D
2451615.57728 18.421 0.026 11  0 B
2451617.64862 18.471 0.028 11  0 A
2451619.63227 18.487 0.037 11  0 A
2451620.58344 18.487 0.038 11  0 C
2451622.53362 18.442 0.037 11  0 B
2451624.53019 18.510 0.035 11  0 B
2451626.53101 18.419 0.030 11  0 C
2451627.65213 18.460 0.035 11  0 B
2451629.53112 18.449 0.031 11  0 B
2451630.61258 18.378 0.026 11  0 A
2451632.54908 18.449 0.031 11  0 B
2451634.52682 18.370 0.028 11  0 B
2451643.51883 18.403 0.030 11  0 B
2451654.55614 18.311 0.033 11  0 B
2451659.54980 18.467 0.034 11  0 B
2451661.57376 18.407 0.030 11  0 B
2451664.53545 18.494 0.033 11  0 A
2451667.54066 18.471 0.043 11  0 C
2451672.55142 18.378 0.035 11  0 B
2451691.51250 18.540 0.037 11  0 A
2451769.89423 18.427 0.040 11  0 E
2451772.90087 18.359 0.029 11  0 C
2451775.90198 18.458 0.031 11  0 A
2451784.88655 18.434 0.032 11  0 B
2451789.87525 18.461 0.022 11  0 B
2451804.82484 18.468 0.029 11  0 B
2451809.84922 18.476 0.025 11  0 B
2451812.81999 18.487 0.028 11  0 A
2451816.83130 18.464 0.023 11  0 B
2451821.82189 18.475 0.027 11  0 C
2451823.86402 18.432 0.025 11  0 A
2451826.84710 18.437 0.028 11  0 B
2451829.82079 18.498 0.037 11  0 B
2451830.83415 18.466 0.033 11  0 A
2451834.87308 18.424 0.032 11  0 C
2451859.81025 18.408 0.030 11  0 B
2451861.82742 18.407 0.030 11  0 B
2451864.80486 18.423 0.024 11  0 A
2451865.78503 18.446 0.026 11  0 B
2451866.85380 18.390 0.026 11  0 A
2451868.82447 18.413 0.022 11  0 A
2451870.75775 18.450 0.023 11  0 A
2451871.84170 18.409 0.023 11  0 A
2451873.80127 18.442 0.025 11  0 A
